   6.8579999999999997        45.899999999999999        1390.6943000000001        1.9308541049685868       0.50000000000000000                3
   6.8949999999999996        45.871000000000002        3451.5400000000000        3.5478117178121611        1.0000000000000000                3
   6.9029999999999996        45.863999999999997        3246.6959999999999        3.2836094190373086       0.59999999999999998                3
   6.9219999999999997        45.856999999999999        3111.1143000000002        3.1363046952344895        1.0000000000000000                3
   6.9299999999999997        45.838999999999999        2970.4540999999999        3.0972272942487806       0.20000000000000001                3
   6.8650000000000002        45.896000000000001        1697.8834999999999        2.1489360102576169       0.80000000000000004                3
   6.8789999999999996        45.887000000000000        2557.2919999999999        2.8920394891980630        1.0000000000000000                3
   6.9070000000000000        45.856999999999999        3287.9146000000001        3.2944852265344808       0.80000000000000004                3
   6.9020000000000001        45.869000000000000        3265.0275999999999        3.3284433176123267       0.59999999999999998                3
   7.1070000000000002        46.158000000000001        1406.1040000000000        2.4145579401412753       0.10000000000000001                3
   7.1079999999999997        46.155999999999999        1263.8696000000000        2.2856726096055002       0.10000000000000001                3
   7.1269999999999998        46.158000000000001        917.64369999999997        1.9577573588562007       0.10000000000000001                3
   7.1159999999999997        46.149000000000001        739.81179999999995        1.8235507816296377       0.10000000000000001                3
   7.0860000000000003        46.125999999999998        586.08029999999997        1.7093125817515009       0.10000000000000001                3
   7.3419999999999996        45.771999999999998        1312.8027000000000        12.928031882762850        1.2000000000000000                1
   7.3659999999999997        45.719999999999999        1061.5890999999999        12.129539825819464        3.1000000000000001                1
   7.3860000000000001        45.755000000000003        867.73190000000000        11.515919069808280        1.8999999999999999                1
   7.3879999999999999        45.719999999999999        1200.8870999999999        12.651486018511662        2.0000000000000000                1
   6.8739999999999997        45.887999999999998        2354.2327000000000        4.2139634657591207        2.7999999999999998                1
   6.3550000000000004        45.296999999999997        609.32809999999995        2.8941526783387528       0.40000000000000002                1
   6.5199999999999996        45.454999999999998        840.23940000000005        3.1756205192622460       0.69999999999999996                1
   6.4139999999999997        45.259000000000000        784.63679999999999        10.695486688920353       0.50000000000000000                1
   6.5759999999999996        45.496000000000002        935.75360000000001        3.2479289649846979       0.29999999999999999                1
   6.6219999999999999        45.442000000000000        1088.8625000000000        11.837601876505351       0.80000000000000004                1
   6.5389999999999997        45.472999999999999        824.86850000000004        3.1965476827254857       0.20000000000000001                1
   6.4669999999999996        45.207000000000001        1021.4956000000000        11.311403735390424        1.3000000000000000                1
   6.7519999999999998        45.609999999999999        1012.1242000000000        11.461733109523740       0.40000000000000002                1
   6.7740000000000000        45.600000000000001        1012.1100000000000        11.421905160132486        1.3000000000000000                1
   6.7750000000000004        45.590000000000003        1202.4213999999999        12.140930275045363        1.2000000000000000                1
   6.4669999999999996        45.195000000000000        1376.9291000000001        12.549079771325228        1.3000000000000000                1
   6.7830000000000004        45.590000000000003        1409.0063000000000        12.906828657177595        1.1000000000000001                1
   6.4279999999999999        45.210999999999999        1437.8904000000000        13.044078467375110        1.1000000000000001                1
   6.4070000000000000        45.231000000000002        1429.1659000000000        13.266185440651771       0.50000000000000000                1
   6.6260000000000003        45.606000000000002        1852.5569000000000        4.0112244457268416       0.80000000000000004                1
   6.8879999999999999        45.671999999999997        2353.0347000000002        15.654909903670386        1.0000000000000000                1
   6.4960000000000004        45.521999999999998        550.89319999999998        2.9897678122783948       0.29999999999999999                1
   6.4939999999999998        45.529000000000003        627.62159999999994        3.0701976434905647       0.29999999999999999                1
   6.3220000000000001        45.311999999999998        884.83040000000005        3.2020488523271542       0.40000000000000002                1
   6.6020000000000003        45.450000000000003        926.90949999999998        11.453211803285512       0.69999999999999996                1
   6.3300000000000001        45.298999999999999        1394.3617999999999        3.7016187429112701       0.50000000000000000                1
   6.3159999999999998        45.305000000000000        1546.0192000000000        3.8565448627498724        3.2999999999999998                1
   6.4580000000000002        45.186000000000000        1778.8942000000000        14.004094268239022        1.6000000000000001                1
   6.9050000000000002        45.677000000000000        2490.9148000000000        16.149504753110598       0.80000000000000004                1
   6.9029999999999996        45.680999999999997        2455.5041999999999        16.009202459528581       0.80000000000000004                1
   6.8170000000000002        45.771000000000001        2856.1052000000000        4.6866893794894189       0.59999999999999998                1
   6.8789999999999996        45.886000000000003        2605.9290000000001        4.4680701665427511       0.20000000000000001                1
   6.8830000000000000        45.881999999999998        2917.9729000000002        4.7167475177686189       0.40000000000000002                1
   6.8949999999999996        45.871000000000002        3451.5400000000000        5.1774363659587577       0.69999999999999996                1
   6.9029999999999996        45.863999999999997        3246.6959999999999        4.9326823308646564        1.1000000000000001                1
   6.9400000000000004        45.829000000000001        2151.8420000000001        3.9122306189493772       0.69999999999999996                1
   6.8789999999999996        45.887000000000000        2557.2919999999999        4.4259613797329882       0.29999999999999999                1
   6.8719999999999999        45.890000000000001        2195.8047000000001        4.1170338105385920       0.29999999999999999                1
   6.8689999999999998        45.893000000000001        1956.2596000000001        3.8864001076361117       0.40000000000000002                1
   6.8650000000000002        45.896000000000001        1697.8834999999999        3.6335538494670314       0.29999999999999999                1
   6.8579999999999997        45.899999999999999        1390.6943000000001        3.3815138973370114       0.29999999999999999                1
   6.9020000000000001        45.869000000000000        3265.0275999999999        4.9656939495303920        1.0000000000000000                1
   6.9070000000000000        45.856999999999999        3287.9146000000001        4.9587532524996512       0.80000000000000004                1
   6.9279999999999999        45.850000000000001        3202.5841999999998        4.8812565760334845       0.50000000000000000                1
   6.8879999999999999        45.878000000000000        3345.3303000000001        5.1321716639081139       0.80000000000000004                1
   6.9390000000000001        45.838999999999999        2803.6082000000001        4.5233757411721989       0.59999999999999998                1
   6.9400000000000004        45.837000000000003        2654.8766999999998        4.3812570115367429        1.1000000000000001                1
   6.9409999999999998        45.834000000000003        2447.2134000000001        4.1840756355267485       0.59999999999999998                1
   6.9630000000000001        45.802000000000000        1383.7190000000001        11.815108343295224       0.69999999999999996                1
   6.9169999999999998        45.805999999999997        1935.6478000000000        3.7495018009950210       0.20000000000000001                1
   6.9329999999999998        45.844000000000001        3157.7292000000002        4.8459774844870234        1.7000000000000000                1
   7.0330000000000004        45.750000000000000        1152.4813999999999        11.523549734216548        3.0000000000000000                1
   7.4580000000000002        46.148000000000003        1239.0045000000000        11.801585000020852        1.6000000000000001                1
   7.4310000000000000        45.430999999999997        873.15150000000006        11.124214927639805        1.1000000000000001                1
   7.3380000000000001        45.439999999999998        1187.0020999999999        11.530167431204072        1.2000000000000000                1
   7.2130000000000001        45.429000000000002        1991.3219999999999        13.825167580008602        1.8000000000000000                1
   6.2850000000000001        45.378999999999998        580.17690000000005        2.9730771168754493       0.20000000000000001                1
   6.2820000000000000        45.348999999999997        742.70809999999994        3.0999816766287065       0.20000000000000001                1
   6.2770000000000001        45.350000000000001        953.02200000000005        3.3055221545722580       0.20000000000000001                1
   6.2690000000000001        45.369999999999997        761.68269999999995        3.1384430593222126       0.29999999999999999                1
   6.2519999999999998        45.357999999999997        1694.5641000000001        4.0503368198856409       0.20000000000000001                1
   6.2450000000000001        45.359999999999999        1608.5392999999999        3.9578168591651313       0.20000000000000001                1
   6.2329999999999997        45.363000000000000        1645.1132000000000        3.9786130582200023       0.10000000000000001                1
   6.1920000000000002        45.369999999999997        1894.0029000000000        4.2332585076915619       0.10000000000000001                1
   6.3250000000000002        45.317999999999998        704.82370000000003        3.0137189498707064       0.20000000000000001                1
   6.2660000000000000        45.356999999999999        1310.4172000000001        3.6675581595710685       0.10000000000000001                1
   6.3010000000000002        45.390999999999998        1295.5473999999999        3.6805117141098154       0.29999999999999999                1
   6.3070000000000004        45.317000000000000        990.33050000000003        3.3131534962972542       0.20000000000000001                1
   6.3380000000000001        45.344999999999999        1401.2373000000000        3.7097740176852700       0.20000000000000001                1
   6.2549999999999999        45.366000000000000        1275.2255000000000        3.6422257926401373       0.40000000000000002                1
   6.3769999999999998        45.250999999999998        962.40760000000000        11.671192393064015       0.29999999999999999                1
   6.2020000000000000        45.378000000000000        2244.0518000000002        4.6030486323277957       0.10000000000000001                1
   6.2580000000000000        45.343000000000004        1594.1429000000001        3.9224912790749182       0.20000000000000001                1
   6.3079999999999998        45.402000000000001        1552.5138999999999        3.9226943046738643       0.20000000000000001                1
   6.2539999999999996        45.347999999999999        1916.1484000000000        4.2548448625829884       0.40000000000000002                1
   6.3590000000000000        45.246000000000002        1287.5684000000001        12.946751603007403       0.69999999999999996                1
   6.3010000000000002        45.308999999999997        1646.9521000000000        3.9638526720085681       0.40000000000000002                1
   6.3049999999999997        45.310000000000002        1460.5354000000000        3.7782315630091170       0.20000000000000001                1
   6.2450000000000001        45.348999999999997        2093.3456999999999        4.4242466776496112       0.20000000000000001                1
   6.1950000000000003        45.363999999999997        2183.3096000000000        4.5082627050540545       0.20000000000000001                1
   6.2249999999999996        45.359000000000002        1696.2103000000000        4.0281240560197134       0.20000000000000001                1
   6.2199999999999998        45.356000000000002        2337.6039999999998        4.6525076738232860       0.20000000000000001                1
   6.8460000000000001        45.914999999999999        1222.6893000000000        3.2877045057263263       0.59999999999999998                1
   6.8910000000000000        45.874000000000002        3525.5679000000000        5.2595007693140223        1.0000000000000000                1
   6.9340000000000002        45.835000000000001        2660.3467000000001        4.3774105232013154       0.50000000000000000                1
   6.9100000000000001        45.856999999999999        3228.1860000000001        4.8957220398080192       0.40000000000000002                1
   6.8540000000000001        45.895000000000003        1479.5000000000000        3.4901816635523066       0.29999999999999999                1
   6.8380000000000001        45.933999999999997        2146.7727000000000        4.2523348723144609       0.90000000000000002                1
   6.8879999999999999        45.878000000000000        3345.3303000000001        5.1321716639081139       0.80000000000000004                1
   7.4909999999999997        45.795000000000002        1639.4522999999999        13.758388251151590        7.5000000000000000                1
   7.2089999999999996        45.603999999999999        1822.9781000000000        13.029046617023964        2.3999999999999999                1
   6.8200000000000003        45.171999999999997        2249.6133000000000        14.818925396474473        9.3000000000000007                1
   7.0250000000000004        45.610999999999997        2547.1786999999999        16.017700800512014        4.7000000000000002                1
   7.2329999999999997        45.503000000000000        2824.5715000000000        16.425212784747195        4.5999999999999996                1
   7.4400000000000004        45.563000000000002        2772.1588999999999        16.928903043055190        1.0000000000000000                1
   7.1189999999999998        45.604999999999997        2507.9508999999998        15.818473476845092        8.6999999999999993                1
   7.2380000000000004        45.622999999999998        2764.9059999999999        17.090109065736296        3.2000000000000002                1
   7.2380000000000004        45.621000000000002        2814.6880000000001        17.248558348957559        4.5999999999999996                1
   7.3879999999999999        45.649000000000001        2899.5176000000001        17.563297678932777        1.0000000000000000                1
   7.2889999999999997        45.584000000000003        2876.4657999999999        16.981053353296513        5.4000000000000004                1
   7.0979999999999999        45.603000000000002        2792.9025999999999        16.932164584562130        5.5999999999999996                1
   6.1170000000000000        45.207999999999998        1899.2446000000000        4.0110196228221611        2.0000000000000000                1
   7.1639999999999997        46.164000000000001        656.89170000000001        3.0913357055704278       0.20000000000000001                1
   7.0739999999999998        46.091000000000001        779.35550000000001        3.1533601153918185       0.40000000000000002                1
   6.5549999999999997        45.712000000000003        997.71529999999996        3.3752698415366096       0.20000000000000001                1
   7.0850000000000000        45.725000000000001        1057.7870000000000        11.312209545599279       0.40000000000000002                1
   6.6010000000000000        45.701999999999998        1295.3135000000000        3.5687831206332334       0.10000000000000001                1
   7.0940000000000003        46.088999999999999        1108.0625000000000        3.4769177747976570       0.40000000000000002                1
   6.8479999999999999        45.915999999999997        1224.4785999999999        3.2967355330265198       0.29999999999999999                1
   7.2590000000000003        46.060000000000002        1260.2176999999999        11.853331901660891        2.1000000000000001                1
   7.2770000000000001        46.045999999999999        1318.0912000000001        11.752174532479277        4.0000000000000000                1
   6.8620000000000001        45.902000000000001        1418.4111000000000        3.4316705758661561       0.20000000000000001                1
   6.9729999999999999        45.802999999999997        1453.2301000000000        12.091016974553767       0.20000000000000001                1
   7.1219999999999999        46.097000000000001        1205.3956000000001        3.5881435624149587       0.20000000000000001                1
   6.6260000000000003        45.694000000000003        1534.2440999999999        3.7323387394958312       0.29999999999999999                1
   7.0229999999999997        46.200000000000003        457.49180000000001        2.8645752018362076       0.40000000000000002                1
   7.0300000000000002        46.155000000000001        582.33730000000003        2.9558720598085162       0.40000000000000002                1
   7.1650000000000000        46.143000000000001        541.25009999999997        2.9674861322462220       0.29999999999999999                1
   7.0690000000000000        46.106999999999999        471.76740000000001        2.8826817371951785       0.59999999999999998                1
   7.5490000000000004        46.279000000000003        692.82870000000003        11.119718758332459        1.5000000000000000                1
   7.2309999999999999        46.075000000000003        1057.4010000000001        11.445429417694324       0.80000000000000004                1
   7.2549999999999999        46.247000000000000        1207.5636000000000        3.5752166936734247        1.0000000000000000                1
   7.0330000000000004        45.750000000000000        1152.4813999999999        11.523549734216548        3.0000000000000000                1
   7.0890000000000004        45.982999999999997        1950.9716000000001        3.8246857817451212       0.69999999999999996                1
   7.5599999999999996        46.161999999999999        2111.4475000000002        15.276687944619455        2.2999999999999998                1
   7.2740000000000000        46.128000000000000        2245.2986000000001        16.185798441840486        1.5000000000000000                1
   7.0339999999999998        46.012999999999998        2599.4962999999998        4.5343656608497964       0.90000000000000002                1
   7.0170000000000003        45.984999999999999        3256.7136000000000        5.0712160378538913        1.2000000000000000                1
   7.4409999999999998        45.170999999999999        867.65480000000002        25.336539843027602        4.0000000000000000                2
   6.8739999999999997        45.887999999999998        2354.2327000000000        7.6531125248491634        2.7000000000000002                2
   6.4139999999999997        45.259000000000000        784.63679999999999        23.375602828856579        4.0000000000000000                2
   6.5389999999999997        45.472999999999999        824.86850000000004        6.4088441628023096        1.6000000000000001                2
   6.5389999999999997        45.472999999999999        824.86850000000004        6.4088441628023096        1.5000000000000000                2
   6.5389999999999997        45.472999999999999        824.86850000000004        6.4088441628023096        1.5000000000000000                2
   6.5389999999999997        45.472999999999999        824.86850000000004        6.4088441628023096        1.6000000000000001                2
   6.4009999999999998        45.238999999999997        1118.5776000000001        24.745153614055322        4.0000000000000000                2
   6.4279999999999999        45.210999999999999        1437.8904000000000        25.824003283733351        11.000000000000000                2
   6.4939999999999998        45.529000000000003        627.62159999999994        6.2968113986847527        1.0000000000000000                2
   6.5199999999999996        45.454999999999998        840.23940000000005        6.4090896278761074        1.0000000000000000                2
   6.5759999999999996        45.496000000000002        935.75360000000001        6.4912756777291589        1.5000000000000000                2
   6.3220000000000001        45.311999999999998        884.83040000000005        6.4328932569997228        1.3000000000000000                2
   6.7389999999999999        45.609999999999999        1254.4888000000001        25.230514599036489        1.7000000000000000                2
   6.4669999999999996        45.195000000000000        1376.9291000000001        25.414533852789337        21.000000000000000                2
   6.3300000000000001        45.298999999999999        1394.3617999999999        6.9298734846548804        1.5000000000000000                2
   6.3159999999999998        45.305000000000000        1546.0192000000000        7.0868347247491510        1.0000000000000000                2
   6.6260000000000003        45.606000000000002        1852.5569000000000        7.3772533339316251        2.0000000000000000                2
   6.7619999999999996        45.720999999999997        1892.6519000000001        7.2543892141903648        1.0000000000000000                2
   6.4580000000000002        45.186000000000000        1778.8942000000000        26.965941054569878        4.0000000000000000                2
   6.6940000000000000        45.685000000000002        2152.4794999999999        7.5845687038858998        1.0000000000000000                2
   6.8879999999999999        45.671999999999997        2353.0347000000002        29.057416637897614        2.0000000000000000                2
   6.6890000000000001        45.676000000000002        2361.3638000000001        7.8080166535165221        1.2000000000000000                2
   6.8250000000000002        45.768000000000001        2573.2487999999998        7.8728982635615887        1.6000000000000001                2
   6.6790000000000003        45.667999999999999        2426.6523000000002        7.8820413415957642        1.0000000000000000                2
   6.8789999999999996        45.887000000000000        2557.2919999999999        7.8612798215327295        1.1000000000000001                2
   6.8719999999999999        45.890000000000001        2195.8047000000001        7.5215622905876556       0.69999999999999996                2
   6.8579999999999997        45.899999999999999        1390.6943000000001        6.7417699325438409       0.80000000000000004                2
   6.9020000000000001        45.869000000000000        3265.0275999999999        8.5029523805315268       0.90000000000000002                2
   6.9070000000000000        45.856999999999999        3287.9146000000001        8.5188847633923217       0.80000000000000004                2
   6.9329999999999998        45.881000000000000        2447.5391000000000        7.6793554435043445       0.90000000000000002                2
   6.8879999999999999        45.878000000000000        3345.3303000000001        8.6204790159670317       0.69999999999999996                2
   6.8670000000000000        45.896999999999998        1710.4623999999999        7.0423806480538573       0.50000000000000000                2
   6.8730000000000002        45.890999999999998        2191.8366999999998        7.4949222164448424       0.59999999999999998                2
   6.8949999999999996        45.871000000000002        3451.5400000000000        8.7030336318285659       0.59999999999999998                2
   7.0330000000000004        45.750000000000000        1152.4813999999999        24.402493884059890        1.8999999999999999                2
   7.3570000000000002        46.219000000000001        617.51170000000002        23.522021612193232        1.6000000000000001                2
   7.1570000000000000        46.081000000000003        807.39670000000001        6.3135289366549978       0.90000000000000002                2
   7.0739999999999998        46.091000000000001        779.35550000000001        6.3441243232493543        1.0000000000000000                2
   6.5549999999999997        45.712000000000003        997.71529999999996        6.6324605934067691       0.80000000000000004                2
   7.1269999999999998        46.084000000000003        1014.7365000000000        6.5445219522252120        1.3000000000000000                2
   7.1760000000000002        46.094000000000001        1043.8976000000000        6.5649327144584788        1.8000000000000000                2
   7.1660000000000004        46.093000000000004        1065.2915000000000        6.5913427732532970        1.5000000000000000                2
   7.2160000000000002        46.090000000000003        1123.7230000000000        6.5820504209129780        2.2999999999999998                2
   7.2300000000000004        46.156999999999996        1176.3831000000000        6.7785419527857727        2.6000000000000001                2
   6.7320000000000002        45.680000000000000        1947.3335999999999        7.3487282475857993        1.5000000000000000                2
   7.0890000000000004        45.982999999999997        1950.9716000000001        7.2160924635236308        1.2000000000000000                2
   6.9859999999999998        45.944000000000003        2788.5185999999999        8.0387299535469321        1.3000000000000000                2
   7.4870000000000001        46.371000000000002        2811.0225000000000        8.2705870126405756        27.000000000000000                2
   7.5330000000000004        45.414000000000001        860.86609999999996        24.170353152528886        3.0000000000000000                2
   6.1139999999999999        45.210000000000001        2008.0676000000001        7.5164115609452544        1.5000000000000000                2
   7.3920000000000003        45.597999999999999        1781.4500000000000        26.385197626147370        3.2999999999999998                2
   7.4299999999999997        45.884999999999998        2231.0679000000000        28.132190442392179        3.0000000000000000                2
   6.8579999999999997        45.899999999999999        1390.6943000000001        11.444341275484636       0.50000000000000000                6
   6.9029999999999996        45.863999999999997        3246.6959999999999        13.248038279779209       0.59999999999999998                6
   6.9219999999999997        45.856999999999999        3111.1143000000002        13.101486962392016        1.0000000000000000                6
   6.9299999999999997        45.838999999999999        2970.4540999999999        12.955032721020821       0.20000000000000001                6
   6.8650000000000002        45.896000000000001        1697.8834999999999        11.740135914207638       0.80000000000000004                6
   6.8719999999999999        45.890000000000001        2195.8047000000001        12.239160665292079       0.29999999999999999                6
   6.9020000000000001        45.869000000000000        3265.0275999999999        13.267653040613897       0.59999999999999998                6
   6.8879999999999999        45.878000000000000        3345.3303000000001        13.366433243283875       0.69999999999999996                6
   7.1079999999999997        46.161999999999999        1649.1569999999999        11.877606280937664       0.10000000000000001                6
   7.1070000000000002        46.158000000000001        1406.1040000000000        11.630913872751117       0.10000000000000001                6
   7.1079999999999997        46.155999999999999        1263.8696000000000        11.487143821649498       0.10000000000000001                6
   7.1269999999999998        46.158000000000001        917.64369999999997        11.138429846467735       0.10000000000000001                6
   6.3550000000000004        45.296999999999997        609.32809999999995        10.731933031526713       0.40000000000000002                6
   6.5199999999999996        45.454999999999998        840.23940000000005        11.002136439777871       0.69999999999999996                6
   6.5759999999999996        45.496000000000002        935.75360000000001        11.084685216531494       0.29999999999999999                6
   6.5389999999999997        45.472999999999999        824.86850000000004        10.992835390124242       0.20000000000000001                6
   6.5389999999999997        45.472999999999999        824.86850000000004        10.992835390124242       0.20000000000000001                6
   6.4939999999999998        45.529000000000003        627.62159999999994        10.866422986823242       0.29999999999999999                6
   6.3220000000000001        45.311999999999998        884.83040000000005        11.035123100523306       0.40000000000000002                6
   6.3300000000000001        45.298999999999999        1394.3617999999999        11.532034482421352       0.50000000000000000                6
   6.8170000000000002        45.771000000000001        2856.1052000000000        12.896338279960663       0.59999999999999998                6
   6.8670000000000000        45.896999999999998        1710.4623999999999        11.754958192300798       0.20000000000000001                6
   6.8789999999999996        45.886000000000003        2605.9290000000001        12.638379758496507       0.20000000000000001                6
   6.8830000000000000        45.881999999999998        2917.9729000000002        12.938089814021851       0.40000000000000002                6
   6.9029999999999996        45.863999999999997        3246.6959999999999        13.248038279779209        1.1000000000000001                6
   6.9219999999999997        45.856999999999999        3111.1143000000002        13.101486962392016       0.80000000000000004                6
   6.9160000000000004        45.850999999999999        3253.2773000000002        13.248165404605626       0.69999999999999996                6
   6.9230000000000000        45.844999999999999        3175.3186000000001        13.164415892905115       0.69999999999999996                6
   6.9299999999999997        45.838999999999999        2970.4540999999999        12.955032721020821       0.59999999999999998                6
   6.8789999999999996        45.887000000000000        2557.2919999999999        12.590378971910338       0.29999999999999999                6
   6.8689999999999998        45.893000000000001        1956.2596000000001        11.999462963794382       0.40000000000000002                6
   6.8650000000000002        45.896000000000001        1697.8834999999999        11.740135914207638       0.29999999999999999                6
   6.9020000000000001        45.869000000000000        3265.0275999999999        13.267653040613897        1.0000000000000000                6
   6.8879999999999999        45.878000000000000        3345.3303000000001        13.366433243283875       0.80000000000000004                6
   6.9390000000000001        45.838999999999999        2803.6082000000001        12.784965054232831       0.59999999999999998                6
   6.2850000000000001        45.378999999999998        580.17690000000005        10.797672896297842       0.20000000000000001                6
   6.2820000000000000        45.348999999999997        742.70809999999994        10.933906554400391       0.20000000000000001                6
   6.2450000000000001        45.359999999999999        1608.5392999999999        11.823755997181896       0.20000000000000001                6
   6.2329999999999997        45.363000000000000        1645.1132000000000        11.872368878683661       0.10000000000000001                6
   6.1920000000000002        45.369999999999997        1894.0029000000000        12.138577050551557       0.10000000000000001                6
   6.3250000000000002        45.317999999999998        704.82370000000003        10.851733324910599       0.20000000000000001                6
   6.3419999999999996        45.298999999999999        989.07680000000005        11.115299543793114       0.20000000000000001                6
   6.3010000000000002        45.390999999999998        1295.5473999999999        11.514172952031300       0.29999999999999999                6
   6.3070000000000004        45.317000000000000        990.33050000000003        11.145256257981835       0.20000000000000001                6
   6.3380000000000001        45.344999999999999        1401.2373000000000        11.563856772959895       0.20000000000000001                6
   6.2549999999999999        45.366000000000000        1275.2255000000000        11.492140047201335       0.40000000000000002                6
   6.2020000000000000        45.378000000000000        2244.0518000000002        12.492852482787235       0.10000000000000001                6
   6.3179999999999996        45.314000000000000        798.03740000000005        10.947739792180869       0.29999999999999999                6
   6.2580000000000000        45.343000000000004        1594.1429000000001        11.793536596484085       0.20000000000000001                6
   6.3049999999999997        45.310000000000002        1460.5354000000000        11.618019624530708       0.20000000000000001                6
   6.2249999999999996        45.359000000000002        1696.2103000000000        11.916994955314159       0.20000000000000001                6
   6.2199999999999998        45.356000000000002        2337.6039999999998        12.560818786888722       0.20000000000000001                6
   6.8460000000000001        45.914999999999999        1222.6893000000000        11.292150639862058       0.59999999999999998                6
   6.9340000000000002        45.835000000000001        2660.3467000000001        12.646583239114427       0.50000000000000000                6
   6.9100000000000001        45.856999999999999        3228.1860000000001        13.221493936275710       0.40000000000000002                6
   6.8380000000000001        45.933999999999997        2146.7727000000000        12.238073522375609       0.90000000000000002                6
   6.8879999999999999        45.878000000000000        3345.3303000000001        13.366433243283875       0.80000000000000004                6
   6.8670000000000000        45.829999999999998        4616.6791999999996        14.629027208316263       0.59999999999999998                6
   6.1170000000000000        45.207999999999998        1899.2446000000000        12.048228914578551        2.0000000000000000                6
   7.1639999999999997        46.164000000000001        656.89170000000001        10.873693939259649       0.20000000000000001                6
   7.0739999999999998        46.091000000000001        779.35550000000001        10.938595444359903       0.40000000000000002                6
   6.5549999999999997        45.712000000000003        997.71529999999996        11.232534000066078       0.20000000000000001                6
   7.1269999999999998        46.084000000000003        1014.7365000000000        11.145053925954844       0.20000000000000001                6
   6.6010000000000000        45.701999999999998        1295.3135000000000        11.490755465343307       0.10000000000000001                6
   7.0940000000000003        46.088999999999999        1108.0625000000000        11.259502521684503       0.40000000000000002                6
   6.8479999999999999        45.915999999999997        1224.4785999999999        11.296299501711079       0.29999999999999999                6
   6.6180000000000003        45.697000000000003        1380.7094000000000        11.559358777731934       0.20000000000000001                6
   6.6260000000000003        45.694000000000003        1534.2440999999999        11.704182927707473       0.29999999999999999                6
   7.0229999999999997        46.200000000000003        457.49180000000001        10.735019577515748       0.40000000000000002                6
   7.0300000000000002        46.155000000000001        582.33730000000003        10.822427808572288       0.40000000000000002                6
   7.0339999999999998        46.012999999999998        2599.4962999999998        12.658424898136875       0.90000000000000002                6
   6.9859999999999998        45.944000000000003        2788.5185999999999        12.789567379827936       0.50000000000000000                6
   7.4870000000000001        46.371000000000002        2811.0225000000000        12.970389313994298       0.69999999999999996                6
   6.8739999999999997        45.887999999999998        2354.2327000000000        12.384368782637942        2.7000000000000002                6
   6.5389999999999997        45.472999999999999        824.86850000000004        10.992835390124242        1.6000000000000001                6
   6.5389999999999997        45.472999999999999        824.86850000000004        10.992835390124242        1.5000000000000000                6
   6.5389999999999997        45.472999999999999        824.86850000000004        10.992835390124242        1.5000000000000000                6
   6.5389999999999997        45.472999999999999        824.86850000000004        10.992835390124242        1.6000000000000001                6
   6.3550000000000004        45.296999999999997        609.32809999999995        10.731933031526713        1.1000000000000001                6
   6.4960000000000004        45.521999999999998        550.89319999999998        10.775080570698762        1.0000000000000000                6
   6.5899999999999999        45.503999999999998        1214.9240000000000        11.366536708359661        1.5000000000000000                6
   6.3300000000000001        45.298999999999999        1394.3617999999999        11.532034482421352        1.5000000000000000                6
   6.3159999999999998        45.305000000000000        1546.0192000000000        11.689183131347930        1.0000000000000000                6
   6.8719999999999999        45.890000000000001        2195.8047000000001        12.239160665292079       0.69999999999999996                6
   6.8579999999999997        45.899999999999999        1390.6943000000001        11.444341275484636       0.80000000000000004                6
   6.8879999999999999        45.878000000000000        3345.3303000000001        13.366433243283875       0.69999999999999996                6
   6.8670000000000000        45.896999999999998        1710.4623999999999        11.754958192300798       0.50000000000000000                6
   6.8730000000000002        45.890999999999998        2191.8366999999998        12.223242437302638       0.59999999999999998                6
   6.8949999999999996        45.871000000000002        3451.5400000000000        13.461791390468914       0.59999999999999998                6
   6.9029999999999996        45.863999999999997        3246.6959999999999        13.248038279779209       0.80000000000000004                6
   6.7320000000000002        45.680000000000000        1947.3335999999999        12.034733537530267        1.5000000000000000                6
   7.0300000000000002        46.155000000000001        582.33730000000003        10.822427808572288        1.7000000000000000                6
   6.9859999999999998        45.944000000000003        2788.5185999999999        12.789567379827936        1.3000000000000000                6
   7.4870000000000001        46.371000000000002        2811.0225000000000        12.970389313994298        27.000000000000000                6
   7.0119999999999996        45.988999999999997        3255.1287000000002        13.287766285970568        1.6000000000000001                6
   6.3280989999999999        46.059218000000001        565.04645300000004        3.3730941900122957        1.0000000000000000                1
   6.3280989999999999        46.059218000000001        565.04645300000004        1.9879374543590498        1.0000000000000000                3
   6.9130909999999997        46.154693999999999        2507.5454559999998        3.1762867220309330        1.0000000000000000                3
   6.8319570000000001        45.763299000000004        2321.9090740000001        7.6181823291512920        1.0000000000000000                2
   6.8036789999999998        46.086373999999999        1561.5673979999999        3.8522472589256536        1.0000000000000000                1
   6.8036789999999998        46.086373999999999        1561.5673979999999        7.1795500448584058        1.0000000000000000                2
   6.8768609999999999        46.043683000000001        2501.0428809999999        6.6432712617354612        1.0000000000000000                4
   6.8554800000000000        45.878594999999997        2307.9123890000001        2.6022212258313040        1.0000000000000000                3
   6.3581770000000004        45.866962000000001        1093.8785450000000        2.2250249160881692        1.0000000000000000                3
   6.3683670000000001        45.882669999999997        1404.3631660000001        3.9588723598623985        1.0000000000000000                1
   6.3683670000000001        45.882669999999997        1404.3631660000001        7.2245363402158764        1.0000000000000000                2
   6.3683670000000001        45.882669999999997        1404.3631660000001        11.800153856199412        1.0000000000000000                6
   6.9920369999999998        45.778322000000003        1617.4051870000001        13.081473486432905        1.0000000000000000                1
   6.8676069999999996        45.886591000000003        2220.7510320000001        4.1069322145562035        1.0000000000000000                1
   6.8676069999999996        45.886591000000003        2220.7510320000001        7.5333614103169433        1.0000000000000000                2
   6.4286370000000002        45.504517000000000        1510.2222110000000        2.4674669093825221        1.0000000000000000                3
   6.4286370000000002        45.504517000000000        1510.2222110000000        5.8826261851581307        1.0000000000000000                4
   6.4286370000000002        45.504517000000000        1510.2222110000000        11.771081486676158        1.0000000000000000                6
   6.6100709999999996        45.650896000000003        2099.0874840000001        7.6308129810064180        1.0000000000000000                2
   6.6100709999999996        45.650896000000003        2099.0874840000001        2.7365113545529405        1.0000000000000000                3
   6.7740239999999998        45.892639000000003        1184.4203490000000        6.6461277044202998        1.0000000000000000                2
   6.3517130000000002        46.041404000000000        780.77131199999997        5.4238779133906467        1.0000000000000000                4
   6.3794420000000001        45.531405999999997        1523.6358430000000        3.9955760528032531        1.0000000000000000                1
   6.6027259999999997        45.713456000000001        1224.0408000000000        6.7989419932224937        1.0000000000000000                2
   6.6027259999999997        45.713456000000001        1224.0408000000000        2.0931398775303713        1.0000000000000000                3
   6.6027259999999997        45.713456000000001        1224.0408000000000        5.4660579976956134        1.0000000000000000                4
   6.7718939999999996        45.981402000000003        2333.5552020000000        4.4814337480348794        1.0000000000000000                1
   6.5273110000000001        46.089672000000000        528.11818500000004        3.2703194930490387        1.0000000000000000                1
   6.4557950000000002        45.558622999999997        778.76201800000001        6.4831452089518624        1.0000000000000000                2
   6.4557950000000002        45.558622999999997        778.76201800000001        1.8059612262462190        1.0000000000000000                3
   6.4168440000000002        45.631289000000002        1006.5560660000000        11.325143236286140        1.0000000000000000                6
   6.8106879999999999        45.979461000000001        2161.0744549999999        4.2416213657136170        1.0000000000000000                1
   6.8106879999999999        45.979461000000001        2161.0744549999999        7.6305536933657443        1.0000000000000000                2
   6.4319300000000004        46.028829999999999        1542.3774519999999        2.6732350919533365        1.0000000000000000                3
   6.6507540000000001        45.621018999999997        2347.6108640000002        4.4666495143773410        1.0000000000000000                1
   6.6507540000000001        45.621018999999997        2347.6108640000002        12.489812200716273        1.0000000000000000                6
