   6.8579999999999997        45.899999999999999        1390.6943000000001        1.9308541049685868       0.50000000000000000                3
   6.8949999999999996        45.871000000000002        3451.5400000000000        3.5478117178121611        1.0000000000000000                3
   6.9029999999999996        45.863999999999997        3246.6959999999999        3.2836094190373086       0.59999999999999998                3
   6.9299999999999997        45.838999999999999        2970.4540999999999        3.0972272942487806       0.20000000000000001                3
   6.8650000000000002        45.896000000000001        1697.8834999999999        2.1489360102576169       0.80000000000000004                3
   7.3419999999999996        45.771999999999998        1312.8027000000000        12.928031882762850        1.2000000000000000                1
   7.3860000000000001        45.755000000000003        867.73190000000000        11.515919069808280        1.8999999999999999                1
   7.3879999999999999        45.719999999999999        1200.8870999999999        12.651486018511662        2.0000000000000000                1
   6.8739999999999997        45.887999999999998        2354.2327000000000        4.2139634657591207        2.7999999999999998                1
   6.3550000000000004        45.296999999999997        609.32809999999995        2.8941526783387528       0.40000000000000002                1
   6.4070000000000000        45.231000000000002        1429.1659000000000        13.266185440651771       0.50000000000000000                1
   6.9029999999999996        45.680999999999997        2455.5041999999999        16.009202459528581       0.80000000000000004                1
   6.8170000000000002        45.771000000000001        2856.1052000000000        4.6866893794894189       0.59999999999999998                1
   6.8719999999999999        45.890000000000001        2195.8047000000001        4.1170338105385920       0.29999999999999999                1
   6.8689999999999998        45.893000000000001        1956.2596000000001        3.8864001076361117       0.40000000000000002                1
   6.8650000000000002        45.896000000000001        1697.8834999999999        3.6335538494670314       0.29999999999999999                1
   6.8579999999999997        45.899999999999999        1390.6943000000001        3.3815138973370114       0.29999999999999999                1
   6.9020000000000001        45.869000000000000        3265.0275999999999        4.9656939495303920        1.0000000000000000                1
   6.9630000000000001        45.802000000000000        1383.7190000000001        11.815108343295224       0.69999999999999996                1
   6.2690000000000001        45.369999999999997        761.68269999999995        3.1384430593222126       0.29999999999999999                1
   6.2539999999999996        45.347999999999999        1916.1484000000000        4.2548448625829884       0.40000000000000002                1
   6.3590000000000000        45.246000000000002        1287.5684000000001        12.946751603007403       0.69999999999999996                1
   6.3010000000000002        45.308999999999997        1646.9521000000000        3.9638526720085681       0.40000000000000002                1
   6.4139999999999997        45.259000000000000        784.63679999999999        23.375602828856579        4.0000000000000000                2
   6.4939999999999998        45.529000000000003        627.62159999999994        6.2968113986847527        1.0000000000000000                2
   6.5199999999999996        45.454999999999998        840.23940000000005        6.4090896278761074        1.0000000000000000                2
   6.5759999999999996        45.496000000000002        935.75360000000001        6.4912756777291589        1.5000000000000000                2
   6.3220000000000001        45.311999999999998        884.83040000000005        6.4328932569997228        1.3000000000000000                2
   6.7389999999999999        45.609999999999999        1254.4888000000001        25.230514599036489        1.7000000000000000                2
   6.4580000000000002        45.186000000000000        1778.8942000000000        26.965941054569878        4.0000000000000000                2
   6.6940000000000000        45.685000000000002        2152.4794999999999        7.5845687038858998        1.0000000000000000                2
   6.8879999999999999        45.671999999999997        2353.0347000000002        29.057416637897614        2.0000000000000000                2
   6.6890000000000001        45.676000000000002        2361.3638000000001        7.8080166535165221        1.2000000000000000                2
   6.8949999999999996        45.871000000000002        3451.5400000000000        8.7030336318285659       0.59999999999999998                2
   7.0330000000000004        45.750000000000000        1152.4813999999999        24.402493884059890        1.8999999999999999                2
   7.2300000000000004        46.156999999999996        1176.3831000000000        6.7785419527857727        2.6000000000000001                2
   6.8719999999999999        45.890000000000001        2195.8047000000001        12.239160665292079       0.29999999999999999                6
   6.8879999999999999        45.878000000000000        3345.3303000000001        13.366433243283875       0.69999999999999996                6
   7.1070000000000002        46.158000000000001        1406.1040000000000        11.630913872751117       0.10000000000000001                6
   6.3550000000000004        45.296999999999997        609.32809999999995        10.731933031526713       0.40000000000000002                6
   6.8670000000000000        45.896999999999998        1710.4623999999999        11.754958192300798       0.20000000000000001                6
   6.8789999999999996        45.886000000000003        2605.9290000000001        12.638379758496507       0.20000000000000001                6
   6.8830000000000000        45.881999999999998        2917.9729000000002        12.938089814021851       0.40000000000000002                6
   6.2580000000000000        45.343000000000004        1594.1429000000001        11.793536596484085       0.20000000000000001                6
   7.0940000000000003        46.088999999999999        1108.0625000000000        11.259502521684503       0.40000000000000002                6
   6.8479999999999999        45.915999999999997        1224.4785999999999        11.296299501711079       0.29999999999999999                6
   6.5389999999999997        45.472999999999999        824.86850000000004        10.992835390124242        1.5000000000000000                6
   6.5389999999999997        45.472999999999999        824.86850000000004        10.992835390124242        1.6000000000000001                6
