   6.8579999999999997        45.899999999999999        1390.6943000000001        1.3318895793344079       0.50000000000000000                3
   6.8949999999999996        45.871000000000002        3451.5400000000000        2.7704773789242290        1.0000000000000000                3
   6.9029999999999996        45.863999999999997        3246.6959999999999        2.4865553844962345       0.59999999999999998                3
   6.9219999999999997        45.856999999999999        3111.1143000000002        2.3433355650198830        1.0000000000000000                3
   6.9299999999999997        45.838999999999999        2970.4540999999999        2.3678512238390832       0.20000000000000001                3
   6.8650000000000002        45.896000000000001        1697.8834999999999        1.5111752564255703       0.80000000000000004                3
   6.8719999999999999        45.890000000000001        2195.8047000000001        1.9741536094760861       0.29999999999999999                3
   6.8789999999999996        45.887000000000000        2557.2919999999999        2.2070918506527679        1.0000000000000000                3
   6.9070000000000000        45.856999999999999        3287.9146000000001        2.4815286118603557       0.80000000000000004                3
   6.9020000000000001        45.869000000000000        3265.0275999999999        2.5436336767237395       0.59999999999999998                3
   6.8879999999999999        45.878000000000000        3345.3303000000001        2.7988227307010680       0.69999999999999996                3
   7.1020000000000003        46.164999999999999        1875.8219999999999        2.2129584276852960       0.10000000000000001                3
   7.1079999999999997        46.161999999999999        1649.1569999999999        2.0590533271229834       0.10000000000000001                3
   7.1070000000000002        46.158000000000001        1406.1040000000000        1.8729432484793096       0.10000000000000001                3
   7.1079999999999997        46.155999999999999        1263.8696000000000        1.7516834813689659       0.10000000000000001                3
   7.1269999999999998        46.158000000000001        917.64369999999997        1.4405865493870289       0.10000000000000001                3
   7.1159999999999997        46.149000000000001        739.81179999999995        1.3340018085232224       0.10000000000000001                3
   7.0860000000000003        46.125999999999998        586.08029999999997        1.2471006765411692       0.10000000000000001                3
   7.3419999999999996        45.771999999999998        1312.8027000000000        19.620336315715683        1.2000000000000000                1
   7.3659999999999997        45.719999999999999        1061.5890999999999        18.760698456861920        3.1000000000000001                1
   7.3810000000000002        45.759999999999998        1072.7056000000000        18.891740722819513        2.3999999999999999                1
   7.3860000000000001        45.755000000000003        867.73190000000000        18.110290007373209        1.8999999999999999                1
   7.3879999999999999        45.719999999999999        1200.8870999999999        19.327617381869651        2.0000000000000000                1
   7.3899999999999997        45.749000000000002        685.10149999999999        17.408983975569967        1.6000000000000001                1
   7.4020000000000001        45.741999999999997        560.46420000000001        16.925359550227057        2.7999999999999998                1
   7.4119999999999999        45.713000000000001        1265.6369999999999        19.359343439184340        2.7999999999999998                1
   6.8739999999999997        45.887999999999998        2354.2327000000000        3.2978075140035377        2.7999999999999998                1
   6.3550000000000004        45.296999999999997        609.32809999999995        1.9773665520734620       0.40000000000000002                1
   6.5199999999999996        45.454999999999998        840.23940000000005        2.2702533215879770       0.69999999999999996                1
   6.4139999999999997        45.259000000000000        784.63679999999999        17.195900660803673       0.50000000000000000                1
   6.5759999999999996        45.496000000000002        935.75360000000001        2.3433842952399173       0.29999999999999999                1
   6.6219999999999999        45.442000000000000        1088.8625000000000        18.418675571195543       0.80000000000000004                1
   6.5389999999999997        45.472999999999999        824.86850000000004        2.2931161340037511       0.50000000000000000                1
   6.5389999999999997        45.472999999999999        824.86850000000004        2.2931161340037511       0.20000000000000001                1
   6.5389999999999997        45.472999999999999        824.86850000000004        2.2931161340037511       0.20000000000000001                1
   6.4669999999999996        45.207000000000001        1021.4956000000000        17.827906871963485        1.3000000000000000                1
   6.7519999999999998        45.609999999999999        1012.1242000000000        18.012223951293613       0.40000000000000002                1
   6.7740000000000000        45.600000000000001        1012.1100000000000        17.960033080696594        1.3000000000000000                1
   6.7750000000000004        45.590000000000003        1202.4213999999999        18.737016680783562        1.2000000000000000                1
   6.4669999999999996        45.195000000000000        1376.9291000000001        19.156189122146596        1.3000000000000000                1
   6.7830000000000004        45.590000000000003        1409.0063000000000        19.563209546084227        1.1000000000000001                1
   6.4279999999999999        45.210999999999999        1437.8904000000000        19.715723635797669        1.1000000000000001                1
   6.4070000000000000        45.231000000000002        1429.1659000000000        19.972570489989387       0.50000000000000000                1
   6.4150000000000000        45.222000000000001        1586.6438000000001        20.529874261381050        1.0000000000000000                1
   6.7900000000000000        45.588999999999999        1615.8514000000000        20.503720913172348        1.3000000000000000                1
   6.6260000000000003        45.606000000000002        1852.5569000000000        3.1180588596527068       0.80000000000000004                1
   6.8659999999999997        45.698999999999998        2292.9868000000001        22.211879777893248       0.20000000000000001                1
   6.8879999999999999        45.671999999999997        2353.0347000000002        22.525483028074664        1.0000000000000000                1
   6.4960000000000004        45.521999999999998        550.89319999999998        2.0900483730103896       0.29999999999999999                1
   6.4939999999999998        45.529000000000003        627.62159999999994        2.1736601454858926       0.29999999999999999                1
   6.3220000000000001        45.311999999999998        884.83040000000005        2.2943299897202141       0.40000000000000002                1
   6.6020000000000003        45.450000000000003        926.90949999999998        18.029112574824065       0.69999999999999996                1
   6.3879999999999999        45.280000000000001        1294.7985000000001        19.505173200655250       0.40000000000000002                1
   6.7389999999999999        45.609999999999999        1254.4888000000001        19.058931275129044       0.59999999999999998                1
   6.3300000000000001        45.298999999999999        1394.3617999999999        2.8023785775542183       0.50000000000000000                1
   6.3159999999999998        45.305000000000000        1546.0192000000000        2.9607206623633866        3.2999999999999998                1
   6.4580000000000002        45.186000000000000        1778.8942000000000        20.734610519867118        1.6000000000000001                1
   6.9050000000000002        45.677000000000000        2490.9148000000000        23.069977693611118       0.80000000000000004                1
   6.9029999999999996        45.680999999999997        2455.5041999999999        22.912801574675797       0.80000000000000004                1
   6.8170000000000002        45.771000000000001        2856.1052000000000        3.7811344220586873       0.59999999999999998                1
   6.8670000000000000        45.896999999999998        1710.4623999999999        2.7334197529915940       0.20000000000000001                1
   6.8730000000000002        45.890999999999998        2191.8366999999998        3.1476018990993233       0.40000000000000002                1
   6.8789999999999996        45.886000000000003        2605.9290000000001        3.5573220779526022       0.20000000000000001                1
   6.8830000000000000        45.881999999999998        2917.9729000000002        3.8087242672179844       0.40000000000000002                1
   6.8949999999999996        45.871000000000002        3451.5400000000000        4.2759437992227891       0.69999999999999996                1
   6.9029999999999996        45.863999999999997        3246.6959999999999        4.0253932447795835        1.1000000000000001                1
   6.9219999999999997        45.856999999999999        3111.1143000000002        3.8667617301190882       0.80000000000000004                1
   6.9160000000000004        45.850999999999999        3253.2773000000002        4.0068072755210231       0.69999999999999996                1
   6.9230000000000000        45.844999999999999        3175.3186000000001        3.9418398202519671       0.69999999999999996                1
   6.9299999999999997        45.838999999999999        2970.4540999999999        3.7619293242942060       0.59999999999999998                1
   6.9400000000000004        45.829000000000001        2151.8420000000001        2.9804103763347642       0.69999999999999996                1
   6.8789999999999996        45.887000000000000        2557.2919999999999        3.5144948493851729       0.29999999999999999                1
   6.8719999999999999        45.890000000000001        2195.8047000000001        3.2013613119949529       0.29999999999999999                1
   6.8689999999999998        45.893000000000001        1956.2596000000001        2.9662926891936987       0.40000000000000002                1
   6.8650000000000002        45.896000000000001        1697.8834999999999        2.7085070263452580       0.29999999999999999                1
   6.8579999999999997        45.899999999999999        1390.6943000000001        2.4539592079568249       0.29999999999999999                1
   6.9020000000000001        45.869000000000000        3265.0275999999999        4.0593382659958239        1.0000000000000000                1
   6.9070000000000000        45.856999999999999        3287.9146000000001        4.0519731549686204       0.80000000000000004                1
   6.9279999999999999        45.850000000000001        3202.5841999999998        3.9693873339007908       0.50000000000000000                1
   6.8879999999999999        45.878000000000000        3345.3303000000001        4.2318029394269976       0.80000000000000004                1
   6.9500000000000002        45.828000000000003        1899.5486000000001        19.975964465228124       0.69999999999999996                1
   6.9390000000000001        45.838999999999999        2803.6082000000001        3.6033784583382822       0.59999999999999998                1
   6.9400000000000004        45.837000000000003        2654.8766999999998        3.4584672067899032        1.1000000000000001                1
   6.9409999999999998        45.834000000000003        2447.2134000000001        3.2574223528505701       0.59999999999999998                1
   7.0439999999999996        45.872000000000000        2058.6615999999999        20.456963957719609       0.59999999999999998                1
   6.9630000000000001        45.802000000000000        1383.7190000000001        18.302493609209911       0.69999999999999996                1
   6.9169999999999998        45.805999999999997        1935.6478000000000        2.8177059859579727       0.20000000000000001                1
   6.9329999999999998        45.844000000000001        3157.7292000000002        3.9334939968257192        1.7000000000000000                1
   7.0330000000000004        45.750000000000000        1152.4813999999999        18.029946915582290        3.0000000000000000                1
   7.4580000000000002        46.148000000000003        1239.0045000000000        18.368010976411274        1.6000000000000001                1
   7.3730000000000002        45.841000000000001        1261.1990000000001        18.041259306403592        1.1000000000000001                1
   7.4310000000000000        45.430999999999997        873.15150000000006        17.666552776061504        1.1000000000000001                1
   7.3380000000000001        45.439999999999998        1187.0020999999999        18.033363748960511        1.2000000000000000                1
   7.2130000000000001        45.429000000000002        1991.3219999999999        20.459232702721717        1.8000000000000000                1
   7.1779999999999999        45.450000000000003        1932.8658000000000        19.832339563456216        2.3999999999999999                1
   7.2670000000000003        45.512999999999998        3637.3341999999998        26.907223057945416        3.1000000000000001                1
   7.2919999999999998        45.512000000000000        3344.5913000000000        25.631170670394283        4.7999999999999998                1
   6.2850000000000001        45.378999999999998        580.17690000000005        2.0687944373629903       0.20000000000000001                1
   6.2820000000000000        45.348999999999997        742.70809999999994        2.1947505842914912       0.20000000000000001                1
   6.2770000000000001        45.350000000000001        953.02200000000005        2.4054061679195007       0.20000000000000001                1
   6.2690000000000001        45.369999999999997        761.68269999999995        2.2381507468746689       0.29999999999999999                1
   6.2519999999999998        45.357999999999997        1694.5641000000001        3.1663363155284623       0.20000000000000001                1
   6.2450000000000001        45.359999999999999        1608.5392999999999        3.0733249311765114       0.20000000000000001                1
   6.2329999999999997        45.363000000000000        1645.1132000000000        3.0971014204818057       0.10000000000000001                1
   6.1920000000000002        45.369999999999997        1894.0029000000000        3.3596340682591532       0.10000000000000001                1
   6.3250000000000002        45.317999999999998        704.82370000000003        2.1015728398235760       0.20000000000000001                1
   6.3419999999999996        45.298999999999999        989.07680000000005        2.3695971405431164       0.20000000000000001                1
   6.3620000000000001        45.256999999999998        1057.7547999999999        18.721408462893109       0.40000000000000002                1
   6.2910000000000004        45.384999999999998        920.27719999999999        2.4131304777326106       0.29999999999999999                1
   6.2660000000000000        45.356999999999999        1310.4172000000001        2.7756689631273299       0.10000000000000001                1
   6.3010000000000002        45.390999999999998        1295.5473999999999        2.7895861855886608       0.29999999999999999                1
   6.3070000000000004        45.317000000000000        990.33050000000003        2.4077385370380426       0.20000000000000001                1
   6.3380000000000001        45.344999999999999        1401.2373000000000        2.8122938131953692       0.20000000000000001                1
   6.2549999999999999        45.366000000000000        1275.2255000000000        2.7514154332639826       0.40000000000000002                1
   6.3769999999999998        45.250999999999998        962.40760000000000        18.261325471613098       0.29999999999999999                1
   6.2020000000000000        45.378000000000000        2244.0518000000002        3.7373801948699610       0.10000000000000001                1
   6.3179999999999996        45.314000000000000        798.03740000000005        2.2049368193767269       0.29999999999999999                1
   6.2580000000000000        45.343000000000004        1594.1429000000001        3.0348927871151492       0.20000000000000001                1
   6.3079999999999998        45.402000000000001        1552.5138999999999        3.0374170977848887       0.20000000000000001                1
   6.2539999999999996        45.347999999999999        1916.1484000000000        3.3740010508977116       0.40000000000000002                1
   6.3590000000000000        45.246000000000002        1287.5684000000001        19.644304108790934       0.69999999999999996                1
   6.3010000000000002        45.308999999999997        1646.9521000000000        3.0715041036111610       0.40000000000000002                1
   6.3049999999999997        45.310000000000002        1460.5354000000000        2.8825258362776904       0.20000000000000001                1
   6.2450000000000001        45.348999999999997        2093.3456999999999        3.5477477323930819       0.20000000000000001                1
   6.1950000000000003        45.363999999999997        2183.3096000000000        3.6394802775769355       0.20000000000000001                1
   6.2400000000000002        45.345999999999997        2073.2898000000000        3.5091415675047481       0.50000000000000000                1
   6.2350000000000003        45.347999999999999        2219.4902000000002        3.6665702411882042       0.20000000000000001                1
   6.2279999999999998        45.371000000000002        2009.8916999999999        3.4915232804832232       0.20000000000000001                1
   6.2249999999999996        45.359000000000002        1696.2103000000000        3.1464345520046968       0.20000000000000001                1
   6.2199999999999998        45.356000000000002        2337.6039999999998        3.7839458758032034       0.20000000000000001                1
   6.8460000000000001        45.914999999999999        1222.6893000000000        2.3620980544099974       0.59999999999999998                1
   6.8910000000000000        45.874000000000002        3525.5679000000000        4.3595571529257118        1.0000000000000000                1
   6.9340000000000002        45.835000000000001        2660.3467000000001        3.4553123044407292       0.50000000000000000                1
   6.9100000000000001        45.856999999999999        3228.1860000000001        3.9860865593857340       0.40000000000000002                1
   6.8540000000000001        45.895000000000003        1479.5000000000000        2.5659404684036624       0.29999999999999999                1
   6.8380000000000001        45.933999999999997        2146.7727000000000        3.3499443065970067       0.90000000000000002                1
   6.8879999999999999        45.878000000000000        3345.3303000000001        4.2318029394269976       0.80000000000000004                1
   6.8670000000000000        45.829999999999998        4616.6791999999996        5.4205581373915273       0.59999999999999998                1
   7.2039999999999997        45.627000000000002        1667.1820000000000        19.382895093358606        2.7000000000000002                1
   7.1219999999999999        45.723999999999997        1477.5626999999999        19.809285438918032        3.3999999999999999                1
   7.4909999999999997        45.795000000000002        1639.4522999999999        20.515076351815839        7.5000000000000000                1
   7.2089999999999996        45.603999999999999        1822.9781000000000        19.590778350771998        2.3999999999999999                1
   7.0560000000000000        45.607999999999997        1851.1197999999999        19.777185179355282        2.3999999999999999                1
   6.8200000000000003        45.171999999999997        2249.6133000000000        21.574631676758628        9.3000000000000007                1
   7.0250000000000004        45.610999999999997        2547.1786999999999        22.885418840394291        4.7000000000000002                1
   7.2329999999999997        45.503000000000000        2824.5715000000000        23.290214644453581        4.5999999999999996                1
   7.1669999999999998        45.795000000000002        2440.4603999999999        23.204274790527695        1.6000000000000001                1
   7.0449999999999999        45.634999999999998        2660.5347000000002        23.480825902225284        3.8999999999999999                1
   7.1779999999999999        45.771999999999998        2556.4535999999998        23.966216122574657        4.0999999999999996                1
   7.4400000000000004        45.563000000000002        2772.1588999999999        23.910695149775055        1.0000000000000000                1
   7.1189999999999998        45.604999999999997        2507.9508999999998        22.650374405665580        8.6999999999999993                1
   7.2380000000000004        45.622999999999998        2764.9059999999999        24.093934896547992        3.2000000000000002                1
   7.2380000000000004        45.621000000000002        2814.6880000000001        24.270011224953901        4.5999999999999996                1
   7.3879999999999999        45.649000000000001        2899.5176000000001        24.653738006106707        1.0000000000000000                1
   7.2889999999999997        45.584000000000003        2876.4657999999999        23.935321639611320        5.4000000000000004                1
   7.0979999999999999        45.603000000000002        2792.9025999999999        23.891718894566598        5.5999999999999996                1
   7.2489999999999997        45.520000000000003        3238.6388999999999        25.060916946826794        3.7000000000000002                1
   7.0309999999999997        45.627000000000002        2853.4587000000001        24.269502982374402        3.2000000000000002                1
   7.2340000000000000        45.619999999999997        2794.1093999999998        24.148294625605100        2.6000000000000001                1
   6.1170000000000000        45.207999999999998        1899.2446000000000        3.1135079687182854        2.0000000000000000                1
   7.1639999999999997        46.164000000000001        656.89170000000001        2.1916087760955030       0.20000000000000001                1
   7.0739999999999998        46.091000000000001        779.35550000000001        2.2465091786640086       0.40000000000000002                1
   6.5549999999999997        45.712000000000003        997.71529999999996        2.4800203036279069       0.20000000000000001                1
   7.0850000000000000        45.725000000000001        1057.7870000000000        17.823082744123525       0.40000000000000002                1
   7.1269999999999998        46.084000000000003        1014.7365000000000        2.4377867284693107       0.20000000000000001                1
   6.6010000000000000        45.701999999999998        1295.3135000000000        2.6694400789429027       0.10000000000000001                1
   7.0940000000000003        46.088999999999999        1108.0625000000000        2.5755750514685154       0.40000000000000002                1
   6.8479999999999999        45.915999999999997        1224.4785999999999        2.3718525221817321       0.29999999999999999                1
   7.2590000000000003        46.060000000000002        1260.2176999999999        18.392113786288338        2.1000000000000001                1
   7.2770000000000001        46.045999999999999        1318.0912000000001        18.257788101289307        4.0000000000000000                1
   6.8620000000000001        45.902000000000001        1418.4111000000000        2.5060440385477518       0.20000000000000001                1
   6.9729999999999999        45.802999999999997        1453.2301000000000        18.601303480645250       0.20000000000000001                1
   7.1219999999999999        46.097000000000001        1205.3956000000001        2.6902783288954639       0.20000000000000001                1
   7.2279999999999998        46.088000000000001        1354.1768999999999        19.320002249056230       0.69999999999999996                1
   7.2949999999999999        46.033000000000001        1538.3053000000000        18.823972700642024        6.0000000000000000                1
   6.6180000000000003        45.697000000000003        1380.7094000000000        2.7039434656609944       0.20000000000000001                1
   6.6260000000000003        45.694000000000003        1534.2440999999999        2.8314918096451640       0.29999999999999999                1
   7.0229999999999997        46.200000000000003        457.49180000000001        1.9641221914298315       0.40000000000000002                1
   7.0300000000000002        46.155000000000001        582.33730000000003        2.0532577463315280       0.40000000000000002                1
   7.1650000000000000        46.143000000000001        541.25009999999997        2.0628154347992389       0.29999999999999999                1
   7.0690000000000000        46.106999999999999        471.76740000000001        1.9738550926895084       0.59999999999999998                1
   7.5490000000000004        46.279000000000003        692.82870000000003        17.730076974924813        1.5000000000000000                1
   7.2309999999999999        46.075000000000003        1057.4010000000001        17.984375248128060       0.80000000000000004                1
   7.2549999999999999        46.247000000000000        1207.5636000000000        2.6856698274070911        1.0000000000000000                1
   7.0330000000000004        45.750000000000000        1152.4813999999999        18.029946915582290        3.0000000000000000                1
   7.0890000000000004        45.982999999999997        1950.9716000000001        2.8966214695924601       0.69999999999999996                1
   7.5599999999999996        46.161999999999999        2111.4475000000002        22.176835194201278        2.2999999999999998                1
   7.2740000000000000        46.128000000000000        2245.2986000000001        23.211236791647288        1.5000000000000000                1
   7.0339999999999998        46.012999999999998        2599.4962999999998        3.6329584269527539       0.90000000000000002                1
   6.9859999999999998        45.944000000000003        2788.5185999999999        3.6345742166348831       0.50000000000000000                1
   7.4870000000000001        46.371000000000002        2811.0225000000000        3.9186744637629856       0.69999999999999996                1
   7.0119999999999996        45.988999999999997        3255.1287000000002        4.1925949805945404        2.0000000000000000                1
   7.0170000000000003        45.984999999999999        3256.7136000000000        4.1725861571862595        1.2000000000000000                1
   7.4310000000000000        45.154000000000003        668.92240000000004        35.999903681231757        7.0000000000000000                2
   7.4409999999999998        45.170999999999999        867.65480000000002        35.999903681243701        4.0000000000000000                2
   6.8739999999999997        45.887999999999998        2354.2327000000000        6.3669993741303426        2.7000000000000002                2
   6.4139999999999997        45.259000000000000        784.63679999999999        35.999903681211265        4.0000000000000000                2
   6.5389999999999997        45.472999999999999        824.86850000000004        5.0085485329950208        1.6000000000000001                2
   6.5389999999999997        45.472999999999999        824.86850000000004        5.0085485329950208        1.5000000000000000                2
   6.5389999999999997        45.472999999999999        824.86850000000004        5.0085485329950208        1.5000000000000000                2
   6.5389999999999997        45.472999999999999        824.86850000000004        5.0085485329950208        1.6000000000000001                2
   6.4009999999999998        45.238999999999997        1118.5776000000001        35.999903681234024        4.0000000000000000                2
   6.7750000000000004        45.590000000000003        1202.4213999999999        35.999903681237505        1.8999999999999999                2
   6.5019999999999998        45.368000000000002        1582.6832999999999        35.999903681263611        18.000000000000000                2
   6.7750000000000004        45.661999999999999        1396.7057000000000        35.999903681249364        1.5000000000000000                2
   6.7830000000000004        45.590000000000003        1409.0063000000000        35.999903681250288        2.2999999999999998                2
   6.4279999999999999        45.210999999999999        1437.8904000000000        35.999903681251965        11.000000000000000                2
   6.4070000000000000        45.231000000000002        1429.1659000000000        35.999903681253279        7.0000000000000000                2
   6.4150000000000000        45.222000000000001        1586.6438000000001        35.999903681262353        1.0000000000000000                2
   6.7900000000000000        45.588999999999999        1615.8514000000000        35.999903681263788        2.2999999999999998                2
   6.4900000000000002        45.350000000000001        2137.9589999999998        35.999903681298292        6.0000000000000000                2
   6.4920000000000000        45.359000000000002        2000.5753000000000        35.999903681290434        7.0000000000000000                2
   6.8719999999999999        45.701999999999998        2215.6754999999998        35.999903681297972        1.7000000000000000                2
   6.8659999999999997        45.698999999999998        2292.9868000000001        35.999903681302690        1.5000000000000000                2
   6.4909999999999997        45.281999999999996        2244.8485999999998        35.999903681302591        8.0000000000000000                2
   6.3550000000000004        45.296999999999997        609.32809999999995        4.7155857431517987        1.1000000000000001                2
   6.4960000000000004        45.521999999999998        550.89319999999998        4.7988823933571600        1.0000000000000000                2
   6.4939999999999998        45.529000000000003        627.62159999999994        4.8979847833348158        1.0000000000000000                2
   6.5199999999999996        45.454999999999998        840.23940000000005        5.0132093780667564        1.0000000000000000                2
   6.6390000000000002        45.441000000000003        1030.8679999999999        35.999903681226137        2.0000000000000000                2
   6.5759999999999996        45.496000000000002        935.75360000000001        5.0971983799094005        1.5000000000000000                2
   6.3220000000000001        45.311999999999998        884.83040000000005        5.0400737060212055        1.3000000000000000                2
   6.6219999999999999        45.442000000000000        1088.8625000000000        35.999903681231537       0.29999999999999999                2
   6.6020000000000003        45.450000000000003        926.90949999999998        35.999903681223735        5.0000000000000000                2
   6.4669999999999996        45.207000000000001        1021.4956000000000        35.999903681223124        8.0000000000000000                2
   6.7519999999999998        45.609999999999999        1012.1242000000000        35.999903681226648        2.0000000000000000                2
   6.5899999999999999        45.503999999999998        1214.9240000000000        5.3926193508166644        1.5000000000000000                2
   6.3879999999999999        45.280000000000001        1294.7985000000001        35.999903681247403        1.0000000000000000                2
   6.7389999999999999        45.609999999999999        1254.4888000000001        35.999903681243268        1.7000000000000000                2
   6.4669999999999996        45.195000000000000        1376.9291000000001        35.999903681245890        21.000000000000000                2
   6.3300000000000001        45.298999999999999        1394.3617999999999        5.5575353744520450        1.5000000000000000                2
   6.3159999999999998        45.305000000000000        1546.0192000000000        5.7231785096343142        1.0000000000000000                2
   6.6260000000000003        45.606000000000002        1852.5569000000000        6.0546416012407827        2.0000000000000000                2
   6.7619999999999996        45.720999999999997        1892.6519000000001        5.9471075248533820        1.0000000000000000                2
   6.4580000000000002        45.186000000000000        1778.8942000000000        35.999903681270901        4.0000000000000000                2
   6.6940000000000000        45.685000000000002        2152.4794999999999        6.2830370641976732        1.0000000000000000                2
   6.8789999999999996        45.677999999999997        2207.8433000000000        35.999903681297297        1.5000000000000000                2
   6.4199999999999999        45.348999999999997        2307.8777000000000        6.4750320528667356        1.1000000000000001                2
   6.8879999999999999        45.671999999999997        2353.0347000000002        35.999903681306137        2.0000000000000000                2
   6.8659999999999997        45.704000000000001        2227.5981000000002        35.999903681298576        1.5000000000000000                2
   6.6890000000000001        45.676000000000002        2361.3638000000001        6.5156287551120711        1.2000000000000000                2
   6.8250000000000002        45.768000000000001        2573.2487999999998        6.6031540621933180        1.6000000000000001                2
   6.6790000000000003        45.667999999999999        2426.6523000000002        6.5930790162901793        1.0000000000000000                2
   6.9050000000000002        45.677000000000000        2490.9148000000000        35.999903681314819        2.0000000000000000                2
   6.9029999999999996        45.680999999999997        2455.5041999999999        35.999903681312418        2.2999999999999998                2
   6.8789999999999996        45.887000000000000        2557.2919999999999        6.5849361040422520        1.1000000000000001                2
   6.8719999999999999        45.890000000000001        2195.8047000000001        6.2242649018318694       0.69999999999999996                2
   6.8689999999999998        45.893000000000001        1956.2596000000001        5.9733464710039677       0.90000000000000002                2
   6.8650000000000002        45.896000000000001        1697.8834999999999        5.7015546497437670       0.90000000000000002                2
   6.8579999999999997        45.899999999999999        1390.6943000000001        5.3992353865020446       0.80000000000000004                2
   6.9020000000000001        45.869000000000000        3265.0275999999999        7.2770532624226405       0.90000000000000002                2
   6.9070000000000000        45.856999999999999        3287.9146000000001        7.2974393389804089       0.80000000000000004                2
   6.9329999999999998        45.881000000000000        2447.5391000000000        6.4074678898421933       0.90000000000000002                2
   6.8879999999999999        45.878000000000000        3345.3303000000001        7.3924068722248535       0.69999999999999996                2
   6.8670000000000000        45.896999999999998        1710.4623999999999        5.7185776477448451       0.50000000000000000                2
   6.8730000000000002        45.890999999999998        2191.8366999999998        6.2006084643241053       0.59999999999999998                2
   6.8949999999999996        45.871000000000002        3451.5400000000000        7.4856149143313324       0.59999999999999998                2
   6.9029999999999996        45.863999999999997        3246.6959999999999        7.2551319766441607       0.80000000000000004                2
   6.9219999999999997        45.856999999999999        3111.1143000000002        7.0962003299766545       0.59999999999999998                2
   6.9299999999999997        45.838999999999999        2970.4540999999999        6.9426263916776909       0.59999999999999998                2
   7.3730000000000002        45.841000000000001        1261.1990000000001        35.999903681234578        1.8999999999999999                2
   7.0330000000000004        45.750000000000000        1152.4813999999999        35.999903681229391        1.8999999999999999                2
   7.5190000000000001        45.917000000000002        2157.5063000000000        35.999903681287286        1.8000000000000000                2
   7.4310000000000000        45.430999999999997        873.15150000000006        35.999903681218171        1.8000000000000000                2
   7.3380000000000001        45.439999999999998        1187.0020999999999        35.999903681231089        1.8000000000000000                2
   7.2130000000000001        45.429000000000002        1991.3219999999999        35.999903681276109        1.7000000000000000                2
   7.1779999999999999        45.450000000000003        1932.8658000000000        35.999903681269167        1.6000000000000001                2
   7.2249999999999996        45.515999999999998        2619.3020000000001        35.999903681311565        2.0000000000000000                2
   7.2430000000000003        45.515000000000001        3139.3098000000000        35.999903681339291        1.5000000000000000                2
   7.2670000000000003        45.512999999999998        3637.3341999999998        35.999903681329570        1.8999999999999999                2
   7.2919999999999998        45.512000000000000        3344.5913000000000        35.999903681334899        1.6000000000000001                2
   7.3570000000000002        46.219000000000001        617.51170000000002        35.999903681213219        1.6000000000000001                2
   7.1570000000000000        46.081000000000003        807.39670000000001        4.9099786597846409       0.90000000000000002                2
   7.0739999999999998        46.091000000000001        779.35550000000001        4.9408090159567664        1.0000000000000000                2
   6.5549999999999997        45.712000000000003        997.71529999999996        5.2625832548019336       0.80000000000000004                2
   7.1269999999999998        46.084000000000003        1014.7365000000000        5.1486059866474108        1.3000000000000000                2
   7.1760000000000002        46.094000000000001        1043.8976000000000        5.1744473729682081        1.8000000000000000                2
   7.1660000000000004        46.093000000000004        1065.2915000000000        5.2004371716452491        1.5000000000000000                2
   7.2160000000000002        46.090000000000003        1123.7230000000000        5.2073656688891043        2.2999999999999998                2
   7.2300000000000004        46.156999999999996        1176.3831000000000        5.4007306211802710        2.6000000000000001                2
   6.7720000000000002        45.665999999999997        1582.8317000000000        5.6314314342856102        1.1000000000000001                2
   7.2279999999999998        46.088000000000001        1354.1768999999999        35.999903681250103        1.6000000000000001                2
   6.7320000000000002        45.680000000000000        1947.3335999999999        6.0358586275982811        1.5000000000000000                2
   7.1159999999999997        45.889000000000003        2261.9385000000002        35.999903681292970        1.6000000000000001                2
   7.0300000000000002        46.155000000000001        582.33730000000003        4.8336875553380265        1.7000000000000000                2
   7.5490000000000004        46.279000000000003        692.82870000000003        35.999903681216516        2.8999999999999999                2
   7.0890000000000004        45.982999999999997        1950.9716000000001        5.8972867680646699        1.2000000000000000                2
   6.9859999999999998        45.944000000000003        2788.5185999999999        6.7786871719047603        1.3000000000000000                2
   7.4870000000000001        46.371000000000002        2811.0225000000000        7.0251543789895896        27.000000000000000                2
   7.0119999999999996        45.988999999999997        3255.1287000000002        7.3201322732433205        1.6000000000000001                2
   7.5940000000000003        45.338000000000001        456.95780000000002        35.999903681204856        14.000000000000000                2
   7.5330000000000004        45.414000000000001        860.86609999999996        35.999903681223898        3.0000000000000000                2
   7.4240000000000004        45.170000000000002        781.13670000000002        35.999903681237392        3.2999999999999998                2
   6.6539999999999999        45.189999999999998        1112.3672999999999        35.999903681222804        3.5000000000000000                2
   7.5030000000000001        45.503999999999998        1245.9965999999999        35.999903681238507        3.2000000000000002                2
   6.9710000000000001        45.145000000000003        1429.9303000000000        35.999903681254793        3.0000000000000000                2
   7.2510000000000003        45.320999999999998        1771.7671000000000        35.999903681274361        3.2999999999999998                2
   7.2900000000000000        45.643999999999998        1729.0723000000000        35.999903681263689        2.5000000000000000                2
   7.1929999999999996        45.984999999999999        1498.3396000000000        35.999903681246579        3.0000000000000000                2
   7.1420000000000003        45.609000000000002        1874.9275000000000        35.999903681268371        3.1000000000000001                2
   7.2720000000000002        45.448999999999998        1972.8855000000001        35.999903681277132        2.8999999999999999                2
   6.1139999999999999        45.210000000000001        2008.0676000000001        6.2064271168844094        1.5000000000000000                2
   7.3920000000000003        45.597999999999999        1781.4500000000000        35.999903681263703        3.2999999999999998                2
   7.4299999999999997        45.884999999999998        2231.0679000000000        35.999903681292153        3.0000000000000000                2
   7.0529999999999999        45.360999999999997        2437.1889999999999        35.999903681301667        3.0000000000000000                2
   7.4870000000000001        46.033999999999999        2034.0065999999999        35.999903681279974        3.6000000000000001                2
   7.1799999999999997        45.886000000000003        2379.5241999999998        35.999903681300111        3.2000000000000002                2
