6.8846319999999999 46.020847000000003 2124.1260269999998 4.0812741663713039 1.0000000000000000 1
6.8846319999999999 46.020847000000003 2124.1260269999998 8.0820942166857321 1.0000000000000000 2
6.8846319999999999 46.020847000000003 2124.1260269999998 2.5255506954979703 1.0000000000000000 3
6.8846319999999999 46.020847000000003 2124.1260269999998 6.3623269948082992 1.0000000000000000 4
6.8846319999999999 46.020847000000003 2124.1260269999998 15.602877702186374 1.0000000000000000 6
6.3280989999999999 46.059218000000001 565.04645300000004 3.2199810843611103 1.0000000000000000 1
6.3280989999999999 46.059218000000001 565.04645300000004 6.9510291262055981 1.0000000000000000 2
6.3280989999999999 46.059218000000001 565.04645300000004 1.8150994302878301 1.0000000000000000 3
6.3280989999999999 46.059218000000001 565.04645300000004 5.3372782106801999 1.0000000000000000 4
6.3280989999999999 46.059218000000001 565.04645300000004 14.001949880936492 1.0000000000000000 6
6.8319570000000001 45.763299000000004 2321.9090740000001 4.0675605705306594 1.0000000000000000 1
6.8319570000000001 45.763299000000004 2321.9090740000001 8.1341678748567467 1.0000000000000000 2
6.8319570000000001 45.763299000000004 2321.9090740000001 2.4669936818226468 1.0000000000000000 3
6.8319570000000001 45.763299000000004 2321.9090740000001 6.3915726452989921 1.0000000000000000 4
6.8319570000000001 45.763299000000004 2321.9090740000001 15.724047343857622 1.0000000000000000 6
7.0935280000000001 45.570309999999999 2758.8919030000002 16.991161599001519 1.0000000000000000 3
6.8036789999999998 46.086373999999999 1561.5673979999999 5.9552513661682562 1.0000000000000000 4
6.8036789999999998 46.086373999999999 1561.5673979999999 14.990111198139848 1.0000000000000000 6
6.8768609999999999 46.043683000000001 2501.0428809999999 4.5337419099056522 1.0000000000000000 1
6.8768609999999999 46.043683000000001 2501.0428809999999 16.176151643533220 1.0000000000000000 6
7.0335919999999996 45.844935000000000 2100.2697079999998 26.688605819151018 1.0000000000000000 1
6.5634290000000002 45.906607999999999 1713.4296300000001 2.4791186036742450 1.0000000000000000 3
6.5634290000000002 45.906607999999999 1713.4296300000001 6.1926577574301618 1.0000000000000000 4
6.4073929999999999 45.875585999999998 1512.3576510000000 15.065642245626387 1.0000000000000000 6
6.9593309999999997 45.955174000000000 2769.3201610000001 4.5329720310616777 1.0000000000000000 1
6.9593309999999997 45.955174000000000 2769.3201610000001 16.358499415369948 1.0000000000000000 6
7.1789810000000003 46.148829999999997 501.16831000000002 2.7278485591517554 1.0000000000000000 1
7.1789810000000003 46.148829999999997 501.16831000000002 6.4323604803647845 1.0000000000000000 2
7.1789810000000003 46.148829999999997 501.16831000000002 1.3817621744647006 1.0000000000000000 3
7.2148820000000002 45.840412999999998 2100.9095880000000 27.224991477677644 1.0000000000000000 1
7.2148820000000002 45.840412999999998 2100.9095880000000 15.218126529163737 1.0000000000000000 3
6.3438319999999999 45.488275000000002 1344.3236219999999 3.6751756507108597 1.0000000000000000 1
6.3438319999999999 45.488275000000002 1344.3236219999999 14.690059965788331 1.0000000000000000 6
7.1521790000000003 45.766959000000000 2413.8607689999999 16.881033019147150 1.0000000000000000 3
6.8554800000000000 45.878594999999997 2307.9123890000001 2.4703039248515117 1.0000000000000000 3
6.8554800000000000 45.878594999999997 2307.9123890000001 6.3863960334863084 1.0000000000000000 4
6.4452429999999996 45.553173000000001 1036.0606100000000 7.1304891250178768 1.0000000000000000 2
6.4452429999999996 45.553173000000001 1036.0606100000000 1.8875590411605185 1.0000000000000000 3
6.4452429999999996 45.553173000000001 1036.0606100000000 5.4972006250621481 1.0000000000000000 4
6.4452429999999996 45.553173000000001 1036.0606100000000 14.253831839973870 1.0000000000000000 6
6.3683670000000001 45.882669999999997 1404.3631660000001 14.961742773944573 1.0000000000000000 6
6.5970079999999998 45.808596000000001 1760.2408730000000 3.9154741234395276 1.0000000000000000 1
6.5970079999999998 45.808596000000001 1760.2408730000000 7.8065060021843404 1.0000000000000000 2
6.5970079999999998 45.808596000000001 1760.2408730000000 2.4226278563340395 1.0000000000000000 3
6.5970079999999998 45.808596000000001 1760.2408730000000 6.1258348815130041 1.0000000000000000 4
6.5970079999999998 45.808596000000001 1760.2408730000000 15.188373599558451 1.0000000000000000 6
6.9920369999999998 45.778322000000003 1617.4051870000001 25.177891799841969 1.0000000000000000 1
6.9920369999999998 45.778322000000003 1617.4051870000001 13.640168929972912 1.0000000000000000 3
6.8397189999999997 45.736966000000002 2662.3790620000000 4.4350280761701164 1.0000000000000000 1
6.8397189999999997 45.736966000000002 2662.3790620000000 8.5107651256966932 1.0000000000000000 2
6.8397189999999997 45.736966000000002 2662.3790620000000 2.8318432423835098 1.0000000000000000 3
7.1428960000000004 46.065728000000000 982.05795300000000 5.1675220031508449 1.0000000000000000 4
7.1428960000000004 46.065728000000000 982.05795300000000 13.968702770719654 1.0000000000000000 6
6.5859470000000000 45.555447999999998 1598.2543459999999 3.7700624918684658 1.0000000000000000 1
6.5859470000000000 45.555447999999998 1598.2543459999999 7.5967745436127609 1.0000000000000000 2
6.5859470000000000 45.555447999999998 1598.2543459999999 2.3173257382757124 1.0000000000000000 3
6.5859470000000000 45.555447999999998 1598.2543459999999 5.9409501944785594 1.0000000000000000 4
6.7261959999999998 45.553542000000000 1400.6363990000000 25.107585310488126 1.0000000000000000 1
6.7261959999999998 45.553542000000000 1400.6363990000000 13.727041351717027 1.0000000000000000 3
7.2336340000000003 45.458531999999998 2811.1286519999999 17.697966417790067 1.0000000000000000 3
6.4286370000000002 45.504517000000000 1510.2222110000000 3.8071052790562261 1.0000000000000000 1
6.4286370000000002 45.504517000000000 1510.2222110000000 7.6304441645907550 1.0000000000000000 2
7.0328290000000004 45.444218999999997 2497.4455899999998 27.962345178199499 1.0000000000000000 1
7.0328290000000004 45.444218999999997 2497.4455899999998 15.659846546468632 1.0000000000000000 3
7.1500089999999998 46.112102000000000 1456.3907529999999 3.6705926440754535 1.0000000000000000 1
7.1500089999999998 46.112102000000000 1456.3907529999999 7.4277313420407083 1.0000000000000000 2
7.1500089999999998 46.112102000000000 1456.3907529999999 2.2901843086273819 1.0000000000000000 3
7.1500089999999998 46.112102000000000 1456.3907529999999 5.7889304784247839 1.0000000000000000 4
7.1500089999999998 46.112102000000000 1456.3907529999999 14.686147920993852 1.0000000000000000 6
7.2684879999999996 46.054234000000001 1308.7265020000000 23.768203577974887 1.0000000000000000 1
7.2684879999999996 46.054234000000001 1308.7265020000000 12.363457231304128 1.0000000000000000 3
7.0784370000000001 45.789257999999997 2124.8037300000001 27.549378804492015 1.0000000000000000 1
7.0784370000000001 45.789257999999997 2124.8037300000001 15.388449500859471 1.0000000000000000 3
6.4973520000000002 45.701237999999996 1415.5015160000000 3.7249888496922257 1.0000000000000000 1
6.4973520000000002 45.701237999999996 1415.5015160000000 7.5359995613006268 1.0000000000000000 2
6.4973520000000002 45.701237999999996 1415.5015160000000 2.2657889329126890 1.0000000000000000 3
6.4973520000000002 45.701237999999996 1415.5015160000000 5.8878094806965962 1.0000000000000000 4
6.4973520000000002 45.701237999999996 1415.5015160000000 14.785466749870725 1.0000000000000000 6
6.4556110000000002 45.419286000000000 1795.9708209999999 3.8924180788938418 1.0000000000000000 1
6.4556110000000002 45.419286000000000 1795.9708209999999 7.7866895318655178 1.0000000000000000 2
6.4556110000000002 45.419286000000000 1795.9708209999999 2.3779475493530406 1.0000000000000000 3
6.4556110000000002 45.419286000000000 1795.9708209999999 6.1104991025630593 1.0000000000000000 4
6.7740239999999998 45.892639000000003 1184.4203490000000 5.3633092785315970 1.0000000000000000 4
6.7740239999999998 45.892639000000003 1184.4203490000000 14.270760751569226 1.0000000000000000 6
6.3517130000000002 46.041404000000000 780.77131199999997 3.3665121473494994 1.0000000000000000 1
6.3517130000000002 46.041404000000000 780.77131199999997 7.1427438002704164 1.0000000000000000 2
6.3517130000000002 46.041404000000000 780.77131199999997 1.9249378400713117 1.0000000000000000 3
6.3517130000000002 46.041404000000000 780.77131199999997 5.5134936001792409 1.0000000000000000 4
6.3517130000000002 46.041404000000000 780.77131199999997 14.251770499851073 1.0000000000000000 6
6.8619230000000000 46.050524000000003 2536.2933920000000 4.6099177370908038 1.0000000000000000 1
6.8619230000000000 46.050524000000003 2536.2933920000000 8.6199647506108175 1.0000000000000000 2
6.8619230000000000 46.050524000000003 2536.2933920000000 3.0374018215788121 1.0000000000000000 3
6.8619230000000000 46.050524000000003 2536.2933920000000 6.8944505615694736 1.0000000000000000 4
6.8619230000000000 46.050524000000003 2536.2933920000000 16.255517676005386 1.0000000000000000 6
6.6601030000000003 45.737613000000003 2225.2272189999999 4.2348356101798199 1.0000000000000000 1
6.6601030000000003 45.737613000000003 2225.2272189999999 8.2091182140289032 1.0000000000000000 2
6.6601030000000003 45.737613000000003 2225.2272189999999 2.6917632439193322 1.0000000000000000 3
6.6601030000000003 45.737613000000003 2225.2272189999999 6.4983270508458881 1.0000000000000000 4
6.6601030000000003 45.737613000000003 2225.2272189999999 15.737802120117609 1.0000000000000000 6
6.3794420000000001 45.531405999999997 1523.6358430000000 3.8843153102376449 1.0000000000000000 1
6.3794420000000001 45.531405999999997 1523.6358430000000 7.7102608897463059 1.0000000000000000 2
6.3794420000000001 45.531405999999997 1523.6358430000000 2.3739506872460110 1.0000000000000000 3
6.3794420000000001 45.531405999999997 1523.6358430000000 6.0641847029259504 1.0000000000000000 4
6.3794420000000001 45.531405999999997 1523.6358430000000 14.947683645873958 1.0000000000000000 6
6.9611120000000000 45.649279999999997 2624.3577249999998 16.877999591279067 1.0000000000000000 3
7.1863729999999997 45.486201000000001 2879.2247680000000 17.138379355159056 1.0000000000000000 3
7.2723300000000002 45.809657999999999 1305.5479060000000 24.081936268285791 1.0000000000000000 1
7.2723300000000002 45.809657999999999 1305.5479060000000 12.814080915051877 1.0000000000000000 3
7.0032719999999999 46.162010000000002 1583.2270000000001 3.7971861102876057 1.0000000000000000 1
7.0032719999999999 46.162010000000002 1583.2270000000001 7.6721321064506851 1.0000000000000000 2
7.0032719999999999 46.162010000000002 1583.2270000000001 2.3192126235891450 1.0000000000000000 3
7.0032719999999999 46.162010000000002 1583.2270000000001 6.0004615056010877 1.0000000000000000 4
7.0032719999999999 46.162010000000002 1583.2270000000001 14.995592490612509 1.0000000000000000 6
6.6027259999999997 45.713456000000001 1224.0408000000000 3.3593884000832346 1.0000000000000000 1
6.6027259999999997 45.713456000000001 1224.0408000000000 7.2002737357402200 1.0000000000000000 2
6.6027259999999997 45.713456000000001 1224.0408000000000 1.9155348924651563 1.0000000000000000 3
6.6027259999999997 45.713456000000001 1224.0408000000000 5.5406049446645849 1.0000000000000000 4
6.6027259999999997 45.713456000000001 1224.0408000000000 14.430004116981149 1.0000000000000000 6
6.7718939999999996 45.981402000000003 2333.5552020000000 4.4003392430282533 1.0000000000000000 1
6.7718939999999996 45.981402000000003 2333.5552020000000 8.3911966492014205 1.0000000000000000 2
6.7718939999999996 45.981402000000003 2333.5552020000000 2.8275000381815794 1.0000000000000000 3
6.7718939999999996 45.981402000000003 2333.5552020000000 6.6770002301287779 1.0000000000000000 4
6.7718939999999996 45.981402000000003 2333.5552020000000 15.954965462035570 1.0000000000000000 6
7.1096389999999996 45.472450000000002 3070.4423649999999 17.930642520400291 1.0000000000000000 3
6.4978439999999997 45.671368000000001 2165.2301530000000 4.4544627760886337 1.0000000000000000 1
6.4978439999999997 45.671368000000001 2165.2301530000000 8.3504207035507108 1.0000000000000000 2
6.4978439999999997 45.671368000000001 2165.2301530000000 2.9338884640370129 1.0000000000000000 3
6.4978439999999997 45.671368000000001 2165.2301530000000 6.6705321761053762 1.0000000000000000 4
6.4978439999999997 45.671368000000001 2165.2301530000000 15.807972495648237 1.0000000000000000 6
6.3817979999999999 45.795782000000003 1280.8893260000000 3.7063771712893554 1.0000000000000000 1
6.3817979999999999 45.795782000000003 1280.8893260000000 7.5204762634206777 1.0000000000000000 2
6.3817979999999999 45.795782000000003 1280.8893260000000 2.2328954885572272 1.0000000000000000 3
6.3817979999999999 45.795782000000003 1280.8893260000000 5.8752479621323959 1.0000000000000000 4
6.3817979999999999 45.795782000000003 1280.8893260000000 14.741312733523745 1.0000000000000000 6
