7.1407109999999996 45.825437000000001 1864.0686710000000 25.987582168531365 1.0000000000000000 1
7.1407109999999996 45.825437000000001 1864.0686710000000 14.028331825019812 1.0000000000000000 3
7.2161200000000001 45.929803999999997 2200.1440170000001 26.793711182430009 1.0000000000000000 1
6.3280989999999999 46.059218000000001 565.04645300000004 3.2199810843611103 1.0000000000000000 1
6.3280989999999999 46.059218000000001 565.04645300000004 1.8150994302878301 1.0000000000000000 3
6.3280989999999999 46.059218000000001 565.04645300000004 5.3372782106801999 1.0000000000000000 4
6.3280989999999999 46.059218000000001 565.04645300000004 14.001949880936492 1.0000000000000000 6
6.9130909999999997 46.154693999999999 2507.5454559999998 4.6702449574298388 1.0000000000000000 1
6.9130909999999997 46.154693999999999 2507.5454559999998 8.6965542412367682 1.0000000000000000 2
6.9130909999999997 46.154693999999999 2507.5454559999998 3.0694394534540388 1.0000000000000000 3
6.9130909999999997 46.154693999999999 2507.5454559999998 6.9686132566430965 1.0000000000000000 4
6.8319570000000001 45.763299000000004 2321.9090740000001 4.0675605705306594 1.0000000000000000 1
6.8319570000000001 45.763299000000004 2321.9090740000001 8.1341678748567467 1.0000000000000000 2
6.8319570000000001 45.763299000000004 2321.9090740000001 2.4669936818226468 1.0000000000000000 3
6.8319570000000001 45.763299000000004 2321.9090740000001 6.3915726452989921 1.0000000000000000 4
7.0935280000000001 45.570309999999999 2758.8919030000002 16.991161599001519 1.0000000000000000 3
6.8036789999999998 46.086373999999999 1561.5673979999999 3.7307593365623251 1.0000000000000000 1
6.8036789999999998 46.086373999999999 1561.5673979999999 7.6399509390438336 1.0000000000000000 2
6.8036789999999998 46.086373999999999 1561.5673979999999 2.2325207611054609 1.0000000000000000 3
6.8768609999999999 46.043683000000001 2501.0428809999999 8.5502050296625818 1.0000000000000000 2
6.8768609999999999 46.043683000000001 2501.0428809999999 2.9534652686811387 1.0000000000000000 3
6.8768609999999999 46.043683000000001 2501.0428809999999 6.8234748729773216 1.0000000000000000 4
6.8768609999999999 46.043683000000001 2501.0428809999999 16.176151643533220 1.0000000000000000 6
7.0335919999999996 45.844935000000000 2100.2697079999998 26.688605819151018 1.0000000000000000 1
7.0335919999999996 45.844935000000000 2100.2697079999998 14.545639660995793 1.0000000000000000 3
6.5634290000000002 45.906607999999999 1713.4296300000001 6.1926577574301618 1.0000000000000000 4
6.5634290000000002 45.906607999999999 1713.4296300000001 15.229835655725648 1.0000000000000000 6
7.1789810000000003 46.148829999999997 501.16831000000002 2.7278485591517554 1.0000000000000000 1
7.1789810000000003 46.148829999999997 501.16831000000002 6.4323604803647845 1.0000000000000000 2
7.1789810000000003 46.148829999999997 501.16831000000002 1.3817621744647006 1.0000000000000000 3
7.1789810000000003 46.148829999999997 501.16831000000002 4.8211139625844925 1.0000000000000000 4
7.1789810000000003 46.148829999999997 501.16831000000002 13.456227779094062 1.0000000000000000 6
7.0626379999999997 45.841453000000001 2715.7378119999998 17.191493241131329 1.0000000000000000 3
6.3438319999999999 45.488275000000002 1344.3236219999999 7.4916594858373662 1.0000000000000000 2
6.3438319999999999 45.488275000000002 1344.3236219999999 2.1853068307650974 1.0000000000000000 3
6.3438319999999999 45.488275000000002 1344.3236219999999 5.8491688157234831 1.0000000000000000 4
6.3438319999999999 45.488275000000002 1344.3236219999999 14.690059965788331 1.0000000000000000 6
7.1521790000000003 45.766959000000000 2413.8607689999999 16.881033019147150 1.0000000000000000 3
7.1351129999999996 45.556171999999997 2313.0579550000002 27.198852837402285 1.0000000000000000 1
7.1351129999999996 45.556171999999997 2313.0579550000002 14.962712967020494 1.0000000000000000 3
6.8554800000000000 45.878594999999997 2307.9123890000001 2.4703039248515117 1.0000000000000000 3
6.8554800000000000 45.878594999999997 2307.9123890000001 6.3863960334863084 1.0000000000000000 4
6.3581770000000004 45.866962000000001 1093.8785450000000 3.5219421954733066 1.0000000000000000 1
6.3581770000000004 45.866962000000001 1093.8785450000000 7.3454540873760639 1.0000000000000000 2
6.3581770000000004 45.866962000000001 1093.8785450000000 2.0630409831571472 1.0000000000000000 3
6.3581770000000004 45.866962000000001 1093.8785450000000 14.539158926486355 1.0000000000000000 6
6.6739930000000003 45.433582000000001 1345.6758800000000 24.417355160604071 1.0000000000000000 1
6.6739930000000003 45.433582000000001 1345.6758800000000 13.114044011236164 1.0000000000000000 3
6.7955310000000004 45.543216999999999 2193.3909509999999 15.918948416369426 1.0000000000000000 3
6.4452429999999996 45.553173000000001 1036.0606100000000 7.1304891250178768 1.0000000000000000 2
6.4452429999999996 45.553173000000001 1036.0606100000000 5.4972006250621481 1.0000000000000000 4
6.4452429999999996 45.553173000000001 1036.0606100000000 14.253831839973870 1.0000000000000000 6
6.4676390000000001 45.540581000000003 536.16402500000004 2.8117444222267420 1.0000000000000000 1
6.4676390000000001 45.540581000000003 536.16402500000004 6.5615390118015329 1.0000000000000000 2
6.4676390000000001 45.540581000000003 536.16402500000004 1.3834068310763741 1.0000000000000000 3
6.4676390000000001 45.540581000000003 536.16402500000004 4.9459142156202818 1.0000000000000000 4
6.4676390000000001 45.540581000000003 536.16402500000004 13.572516608383012 1.0000000000000000 6
6.3683670000000001 45.882669999999997 1404.3631660000001 3.8381183479676397 1.0000000000000000 1
6.3683670000000001 45.882669999999997 1404.3631660000001 7.6854572221409096 1.0000000000000000 2
6.3683670000000001 45.882669999999997 1404.3631660000001 2.3706130425616525 1.0000000000000000 3
6.3683670000000001 45.882669999999997 1404.3631660000001 6.0248449841364122 1.0000000000000000 4
6.3683670000000001 45.882669999999997 1404.3631660000001 14.961742773944573 1.0000000000000000 6
6.5970079999999998 45.808596000000001 1760.2408730000000 3.9154741234395276 1.0000000000000000 1
6.5970079999999998 45.808596000000001 1760.2408730000000 15.188373599558451 1.0000000000000000 6
6.9920369999999998 45.778322000000003 1617.4051870000001 25.177891799841969 1.0000000000000000 1
6.9920369999999998 45.778322000000003 1617.4051870000001 13.640168929972912 1.0000000000000000 3
6.8397189999999997 45.736966000000002 2662.3790620000000 4.4350280761701164 1.0000000000000000 1
6.8397189999999997 45.736966000000002 2662.3790620000000 8.5107651256966932 1.0000000000000000 2
6.8397189999999997 45.736966000000002 2662.3790620000000 2.8318432423835098 1.0000000000000000 3
6.8397189999999997 45.736966000000002 2662.3790620000000 6.7624822032313014 1.0000000000000000 4
6.8397189999999997 45.736966000000002 2662.3790620000000 16.191363069487920 1.0000000000000000 6
7.1428960000000004 46.065728000000000 982.05795300000000 6.8031533136334330 1.0000000000000000 2
7.1428960000000004 46.065728000000000 982.05795300000000 1.6519911308683815 1.0000000000000000 3
7.1428960000000004 46.065728000000000 982.05795300000000 13.968702770719654 1.0000000000000000 6
6.5859470000000000 45.555447999999998 1598.2543459999999 3.7700624918684658 1.0000000000000000 1
6.5859470000000000 45.555447999999998 1598.2543459999999 7.5967745436127609 1.0000000000000000 2
6.5859470000000000 45.555447999999998 1598.2543459999999 2.3173257382757124 1.0000000000000000 3
6.5859470000000000 45.555447999999998 1598.2543459999999 5.9409501944785594 1.0000000000000000 4
6.5859470000000000 45.555447999999998 1598.2543459999999 14.877420673911883 1.0000000000000000 6
6.8676069999999996 45.886591000000003 2220.7510320000001 4.0034895163206352 1.0000000000000000 1
6.8676069999999996 45.886591000000003 2220.7510320000001 8.0342818139013268 1.0000000000000000 2
6.8676069999999996 45.886591000000003 2220.7510320000001 6.3011733836106050 1.0000000000000000 4
6.8676069999999996 45.886591000000003 2220.7510320000001 15.597979472857405 1.0000000000000000 6
6.7261959999999998 45.553542000000000 1400.6363990000000 25.107585310488126 1.0000000000000000 1
6.7261959999999998 45.553542000000000 1400.6363990000000 13.727041351717027 1.0000000000000000 3
6.4286370000000002 45.504517000000000 1510.2222110000000 3.8071052790562261 1.0000000000000000 1
6.4286370000000002 45.504517000000000 1510.2222110000000 7.6304441645907550 1.0000000000000000 2
6.4286370000000002 45.504517000000000 1510.2222110000000 2.3212943372721555 1.0000000000000000 3
6.4286370000000002 45.504517000000000 1510.2222110000000 5.9824910596999885 1.0000000000000000 4
6.4286370000000002 45.504517000000000 1510.2222110000000 14.869407214356153 1.0000000000000000 6
6.4867030000000003 45.871751000000003 1398.0654019999999 3.6690240949841386 1.0000000000000000 1
6.4867030000000003 45.871751000000003 1398.0654019999999 7.5523180127842240 1.0000000000000000 2
6.8759519999999998 45.435533000000000 2857.9232410000000 17.346595976107267 1.0000000000000000 3
7.2176419999999997 45.954338000000000 1960.4268460000001 25.731118063980350 1.0000000000000000 1
7.2176419999999997 45.954338000000000 1960.4268460000001 13.726216449853863 1.0000000000000000 3
7.0328290000000004 45.444218999999997 2497.4455899999998 27.962345178199499 1.0000000000000000 1
7.1500089999999998 46.112102000000000 1456.3907529999999 3.6705926440754535 1.0000000000000000 1
7.1500089999999998 46.112102000000000 1456.3907529999999 7.4277313420407083 1.0000000000000000 2
7.1500089999999998 46.112102000000000 1456.3907529999999 2.2901843086273819 1.0000000000000000 3
7.2684879999999996 46.054234000000001 1308.7265020000000 12.363457231304128 1.0000000000000000 3
7.0784370000000001 45.789257999999997 2124.8037300000001 27.549378804492015 1.0000000000000000 1
7.0784370000000001 45.789257999999997 2124.8037300000001 15.388449500859471 1.0000000000000000 3
6.4973520000000002 45.701237999999996 1415.5015160000000 3.7249888496922257 1.0000000000000000 1
6.4973520000000002 45.701237999999996 1415.5015160000000 7.5359995613006268 1.0000000000000000 2
6.4973520000000002 45.701237999999996 1415.5015160000000 2.2657889329126890 1.0000000000000000 3
6.4973520000000002 45.701237999999996 1415.5015160000000 5.8878094806965962 1.0000000000000000 4
6.4973520000000002 45.701237999999996 1415.5015160000000 14.785466749870725 1.0000000000000000 6
6.4556110000000002 45.419286000000000 1795.9708209999999 3.8924180788938418 1.0000000000000000 1
6.4556110000000002 45.419286000000000 1795.9708209999999 2.3779475493530406 1.0000000000000000 3
6.4556110000000002 45.419286000000000 1795.9708209999999 6.1104991025630593 1.0000000000000000 4
6.4556110000000002 45.419286000000000 1795.9708209999999 15.136008023895911 1.0000000000000000 6
7.2252320000000001 45.626640999999999 2804.1082139999999 17.965564438404140 1.0000000000000000 3
6.6100709999999996 45.650896000000003 2099.0874840000001 4.1594435178502245 1.0000000000000000 1
6.6100709999999996 45.650896000000003 2099.0874840000001 8.1335572612000409 1.0000000000000000 2
6.6100709999999996 45.650896000000003 2099.0874840000001 2.6022290314137475 1.0000000000000000 3
6.6100709999999996 45.650896000000003 2099.0874840000001 6.4288530444496015 1.0000000000000000 4
6.7740239999999998 45.892639000000003 1184.4203490000000 3.1976972424961532 1.0000000000000000 1
6.7740239999999998 45.892639000000003 1184.4203490000000 7.0242812113169988 1.0000000000000000 2
6.7740239999999998 45.892639000000003 1184.4203490000000 1.7858632435123925 1.0000000000000000 3
6.7740239999999998 45.892639000000003 1184.4203490000000 5.3633092785315970 1.0000000000000000 4
6.7740239999999998 45.892639000000003 1184.4203490000000 14.270760751569226 1.0000000000000000 6
6.3517130000000002 46.041404000000000 780.77131199999997 3.3665121473494994 1.0000000000000000 1
6.3517130000000002 46.041404000000000 780.77131199999997 7.1427438002704164 1.0000000000000000 2
6.3517130000000002 46.041404000000000 780.77131199999997 5.5134936001792409 1.0000000000000000 4
6.3517130000000002 46.041404000000000 780.77131199999997 14.251770499851073 1.0000000000000000 6
6.8619230000000000 46.050524000000003 2536.2933920000000 4.6099177370908038 1.0000000000000000 1
6.8619230000000000 46.050524000000003 2536.2933920000000 8.6199647506108175 1.0000000000000000 2
6.8619230000000000 46.050524000000003 2536.2933920000000 3.0374018215788121 1.0000000000000000 3
6.8619230000000000 46.050524000000003 2536.2933920000000 6.8944505615694736 1.0000000000000000 4
6.8619230000000000 46.050524000000003 2536.2933920000000 16.255517676005386 1.0000000000000000 6
6.6601030000000003 45.737613000000003 2225.2272189999999 4.2348356101798199 1.0000000000000000 1
6.6601030000000003 45.737613000000003 2225.2272189999999 2.6917632439193322 1.0000000000000000 3
6.6601030000000003 45.737613000000003 2225.2272189999999 6.4983270508458881 1.0000000000000000 4
6.6601030000000003 45.737613000000003 2225.2272189999999 15.737802120117609 1.0000000000000000 6
6.3794420000000001 45.531405999999997 1523.6358430000000 3.8843153102376449 1.0000000000000000 1
6.3794420000000001 45.531405999999997 1523.6358430000000 7.7102608897463059 1.0000000000000000 2
6.3794420000000001 45.531405999999997 1523.6358430000000 2.3739506872460110 1.0000000000000000 3
6.3794420000000001 45.531405999999997 1523.6358430000000 6.0641847029259504 1.0000000000000000 4
6.3794420000000001 45.531405999999997 1523.6358430000000 14.947683645873958 1.0000000000000000 6
6.9611120000000000 45.649279999999997 2624.3577249999998 16.877999591279067 1.0000000000000000 3
7.1863729999999997 45.486201000000001 2879.2247680000000 17.138379355159056 1.0000000000000000 3
7.2723300000000002 45.809657999999999 1305.5479060000000 24.081936268285791 1.0000000000000000 1
7.2723300000000002 45.809657999999999 1305.5479060000000 12.814080915051877 1.0000000000000000 3
7.0032719999999999 46.162010000000002 1583.2270000000001 3.7971861102876057 1.0000000000000000 1
7.0032719999999999 46.162010000000002 1583.2270000000001 7.6721321064506851 1.0000000000000000 2
7.0032719999999999 46.162010000000002 1583.2270000000001 2.3192126235891450 1.0000000000000000 3
7.0032719999999999 46.162010000000002 1583.2270000000001 6.0004615056010877 1.0000000000000000 4
7.0032719999999999 46.162010000000002 1583.2270000000001 14.995592490612509 1.0000000000000000 6
6.6027259999999997 45.713456000000001 1224.0408000000000 3.3593884000832346 1.0000000000000000 1
6.6027259999999997 45.713456000000001 1224.0408000000000 7.2002737357402200 1.0000000000000000 2
6.6027259999999997 45.713456000000001 1224.0408000000000 1.9155348924651563 1.0000000000000000 3
6.6027259999999997 45.713456000000001 1224.0408000000000 5.5406049446645849 1.0000000000000000 4
6.6027259999999997 45.713456000000001 1224.0408000000000 14.430004116981149 1.0000000000000000 6
6.7718939999999996 45.981402000000003 2333.5552020000000 4.4003392430282533 1.0000000000000000 1
6.7718939999999996 45.981402000000003 2333.5552020000000 8.3911966492014205 1.0000000000000000 2
6.7718939999999996 45.981402000000003 2333.5552020000000 2.8275000381815794 1.0000000000000000 3
6.7718939999999996 45.981402000000003 2333.5552020000000 6.6770002301287779 1.0000000000000000 4
6.7718939999999996 45.981402000000003 2333.5552020000000 15.954965462035570 1.0000000000000000 6
7.1096389999999996 45.472450000000002 3070.4423649999999 17.930642520400291 1.0000000000000000 3
6.4978439999999997 45.671368000000001 2165.2301530000000 4.4544627760886337 1.0000000000000000 1
6.4978439999999997 45.671368000000001 2165.2301530000000 8.3504207035507108 1.0000000000000000 2
6.4978439999999997 45.671368000000001 2165.2301530000000 2.9338884640370129 1.0000000000000000 3
6.4978439999999997 45.671368000000001 2165.2301530000000 6.6705321761053762 1.0000000000000000 4
6.4978439999999997 45.671368000000001 2165.2301530000000 15.807972495648237 1.0000000000000000 6
6.3817979999999999 45.795782000000003 1280.8893260000000 3.7063771712893554 1.0000000000000000 1
6.3817979999999999 45.795782000000003 1280.8893260000000 7.5204762634206777 1.0000000000000000 2
6.3817979999999999 45.795782000000003 1280.8893260000000 2.2328954885572272 1.0000000000000000 3
6.3817979999999999 45.795782000000003 1280.8893260000000 5.8752479621323959 1.0000000000000000 4
6.3817979999999999 45.795782000000003 1280.8893260000000 14.741312733523745 1.0000000000000000 6
6.6486039999999997 45.530303000000004 1505.5869040000000 25.880669029829171 1.0000000000000000 1
6.6486039999999997 45.530303000000004 1505.5869040000000 14.257691977583429 1.0000000000000000 3
6.5273110000000001 46.089672000000000 528.11818500000004 3.1017166541997985 1.0000000000000000 1
6.5273110000000001 46.089672000000000 528.11818500000004 6.8108580744145417 1.0000000000000000 2
6.5273110000000001 46.089672000000000 528.11818500000004 1.7173770579483558 1.0000000000000000 3
6.5273110000000001 46.089672000000000 528.11818500000004 5.2026268481813158 1.0000000000000000 4
6.5273110000000001 46.089672000000000 528.11818500000004 13.848588191733057 1.0000000000000000 6
6.9731389999999998 45.754821000000000 1510.2580330000001 24.740537683314034 1.0000000000000000 1
6.9731389999999998 45.754821000000000 1510.2580330000001 13.250525087965084 1.0000000000000000 3
7.1994160000000003 45.475355999999998 2984.5795250000001 17.799419498510787 1.0000000000000000 3
7.0401930000000004 45.960169999999998 3204.9718849999999 4.9041183803249577 1.0000000000000000 1
7.0401930000000004 45.960169999999998 3204.9718849999999 9.0484549846211042 1.0000000000000000 2
7.0401930000000004 45.960169999999998 3204.9718849999999 3.2512161700675706 1.0000000000000000 3
7.0401930000000004 45.960169999999998 3204.9718849999999 7.2689145242925255 1.0000000000000000 4
7.0401930000000004 45.960169999999998 3204.9718849999999 16.921915120720559 1.0000000000000000 6
6.8646269999999996 45.536839999999998 3125.7467969999998 19.128898379379315 1.0000000000000000 3
6.8984150000000000 45.625591999999997 2311.7536150000001 16.442029276822410 1.0000000000000000 3
6.4557950000000002 45.558622999999997 778.76201800000001 3.0676760346511402 1.0000000000000000 1
6.4557950000000002 45.558622999999997 778.76201800000001 6.8427391951682246 1.0000000000000000 2
6.4557950000000002 45.558622999999997 778.76201800000001 1.6291262627798835 1.0000000000000000 3
6.4557950000000002 45.558622999999997 778.76201800000001 5.2168348700615566 1.0000000000000000 4
6.4557950000000002 45.558622999999997 778.76201800000001 13.909760368029971 1.0000000000000000 6
7.1829850000000004 45.450389999999999 1862.9530769999999 25.270270376459713 1.0000000000000000 1
7.1829850000000004 45.450389999999999 1862.9530769999999 13.413994179179801 1.0000000000000000 3
6.5593690000000002 45.436819000000000 1051.1617240000000 23.723252915129173 1.0000000000000000 1
6.5593690000000002 45.436819000000000 1051.1617240000000 12.577885354869467 1.0000000000000000 3
6.7497980000000002 45.405785999999999 2640.5550250000001 17.075554038876227 1.0000000000000000 3
7.1851349999999998 45.546398000000003 2658.2579270000001 16.298225492697888 1.0000000000000000 3
6.4168440000000002 45.631289000000002 1006.5560660000000 3.4128174955323130 1.0000000000000000 1
6.4168440000000002 45.631289000000002 1006.5560660000000 7.1586182135879168 1.0000000000000000 2
6.4168440000000002 45.631289000000002 1006.5560660000000 2.0151244362798755 1.0000000000000000 3
6.4168440000000002 45.631289000000002 1006.5560660000000 5.5345607323590835 1.0000000000000000 4
6.4168440000000002 45.631289000000002 1006.5560660000000 14.278175739962395 1.0000000000000000 6
6.7634999999999996 45.473559999999999 2472.2891669999999 16.658053571272045 1.0000000000000000 3
7.2789940000000000 45.650249000000002 1745.2785100000001 25.695561884343689 1.0000000000000000 1
7.2789940000000000 45.650249000000002 1745.2785100000001 13.871514936478482 1.0000000000000000 3
6.6118040000000002 45.443176000000001 957.81133100000000 23.142116544510703 1.0000000000000000 1
6.6118040000000002 45.443176000000001 957.81133100000000 12.127959779499122 1.0000000000000000 3
6.6126620000000003 45.431142000000001 1381.9575649999999 24.954346570579897 1.0000000000000000 1
6.6126620000000003 45.431142000000001 1381.9575649999999 13.601541748754247 1.0000000000000000 3
6.8106879999999999 45.979461000000001 2161.0744549999999 4.1464587975023353 1.0000000000000000 1
6.8106879999999999 45.979461000000001 2161.0744549999999 8.1373973962713055 1.0000000000000000 2
6.8106879999999999 45.979461000000001 2161.0744549999999 2.5865129684269412 1.0000000000000000 3
6.8106879999999999 45.979461000000001 2161.0744549999999 6.4219014438379132 1.0000000000000000 4
6.8106879999999999 45.979461000000001 2161.0744549999999 15.662052492545078 1.0000000000000000 6
6.9307770000000000 45.464528999999999 2339.1621340000002 27.512966425528358 1.0000000000000000 1
6.9307770000000000 45.464528999999999 2339.1621340000002 15.372224444160098 1.0000000000000000 3
6.4048879999999997 45.991588000000000 1271.9946430000000 3.6884191334485097 1.0000000000000000 1
6.4048879999999997 45.991588000000000 1271.9946430000000 7.5768236505600139 1.0000000000000000 2
6.4048879999999997 45.991588000000000 1271.9946430000000 2.1738134469669546 1.0000000000000000 3
6.4048879999999997 45.991588000000000 1271.9946430000000 5.9078496519511043 1.0000000000000000 4
6.4048879999999997 45.991588000000000 1271.9946430000000 14.837398154727893 1.0000000000000000 6
7.1927279999999998 45.804895999999999 1881.3658390000001 26.558095597502717 1.0000000000000000 1
7.1927279999999998 45.804895999999999 1881.3658390000001 14.619168367005750 1.0000000000000000 3
6.4319300000000004 46.028829999999999 1542.3774519999999 4.0483403461270342 1.0000000000000000 1
6.4319300000000004 46.028829999999999 1542.3774519999999 7.9160365635949219 1.0000000000000000 2
6.4319300000000004 46.028829999999999 1542.3774519999999 2.5397597090889033 1.0000000000000000 3
6.4319300000000004 46.028829999999999 1542.3774519999999 6.2508998689121880 1.0000000000000000 4
6.4319300000000004 46.028829999999999 1542.3774519999999 15.234046176602122 1.0000000000000000 6
6.6507540000000001 45.621018999999997 2347.6108640000002 4.3804137390035116 1.0000000000000000 1
6.6507540000000001 45.621018999999997 2347.6108640000002 8.3560424429730737 1.0000000000000000 2
6.6507540000000001 45.621018999999997 2347.6108640000002 2.8147285619240017 1.0000000000000000 3
6.6507540000000001 45.621018999999997 2347.6108640000002 6.6489930309226715 1.0000000000000000 4
6.6507540000000001 45.621018999999997 2347.6108640000002 15.885485977800299 1.0000000000000000 6
7.0409259999999998 45.403525999999999 2613.7671160000000 16.016118522212555 1.0000000000000000 3
6.3739059999999998 45.907758000000001 933.20806100000004 3.3350249746552318 1.0000000000000000 1
6.3739059999999998 45.907758000000001 933.20806100000004 7.1631190794818007 1.0000000000000000 2
6.3739059999999998 45.907758000000001 933.20806100000004 1.8717461402560958 1.0000000000000000 3
6.3739059999999998 45.907758000000001 933.20806100000004 5.5141469323465628 1.0000000000000000 4
6.3739059999999998 45.907758000000001 933.20806100000004 14.328058601236455 1.0000000000000000 6
6.9043950000000001 45.799014999999997 1935.6290010000000 3.6429334870630519 1.0000000000000000 1
6.9043950000000001 45.799014999999997 1935.6290010000000 7.6615365059597194 1.0000000000000000 2
6.9043950000000001 45.799014999999997 1935.6290010000000 2.1059998852090676 1.0000000000000000 3
6.9043950000000001 45.799014999999997 1935.6290010000000 5.9337781273796795 1.0000000000000000 4
6.9043950000000001 45.799014999999997 1935.6290010000000 15.147984132314544 1.0000000000000000 6
7.0250560000000002 45.937922000000000 2997.6549080000000 4.6556811985988036 1.0000000000000000 1
7.0250560000000002 45.937922000000000 2997.6549080000000 8.8001252010695978 1.0000000000000000 2
7.0250560000000002 45.937922000000000 2997.6549080000000 2.9962937669859211 1.0000000000000000 3
7.0250560000000002 45.937922000000000 2997.6549080000000 7.0238330061094887 1.0000000000000000 4
7.0250560000000002 45.937922000000000 2997.6549080000000 16.615586577076982 1.0000000000000000 6
7.0744400000000001 45.616421000000003 2323.7870630000002 27.831638701927783 1.0000000000000000 1
7.0744400000000001 45.616421000000003 2323.7870630000002 15.550369236149519 1.0000000000000000 3
6.9895220000000000 45.822454000000000 2005.9453129999999 26.447214564338399 1.0000000000000000 1
6.9895220000000000 45.822454000000000 2005.9453129999999 14.497754273679304 1.0000000000000000 3
6.7065950000000001 45.442827999999999 1649.1544699999999 25.585185787693774 1.0000000000000000 1
6.7065950000000001 45.442827999999999 1649.1544699999999 13.957991886397647 1.0000000000000000 3
7.0732920000000004 45.654459000000003 1726.2889849999999 25.361544032553645 1.0000000000000000 1
7.0732920000000004 45.654459000000003 1726.2889849999999 13.431388680921236 1.0000000000000000 3
6.9085979999999996 45.963994000000000 1308.2798180000000 3.1447027686930866 1.0000000000000000 1
6.9085979999999996 45.963994000000000 1308.2798180000000 7.0820592890773382 1.0000000000000000 2
6.9085979999999996 45.963994000000000 1308.2798180000000 1.6488761650645167 1.0000000000000000 3
6.9085979999999996 45.963994000000000 1308.2798180000000 5.3876810473588757 1.0000000000000000 4
6.4277800000000003 45.493665000000000 1279.2810380000001 7.3610934022734931 1.0000000000000000 2
6.4277800000000003 45.493665000000000 1279.2810380000001 2.0686174234429302 1.0000000000000000 3
6.4277800000000003 45.493665000000000 1279.2810380000001 5.7193992850679249 1.0000000000000000 4
6.8528500000000001 45.767674000000000 2167.7971060000000 3.9031992940638451 1.0000000000000000 1
6.8528500000000001 45.767674000000000 2167.7971060000000 7.9541915417510385 1.0000000000000000 2
6.8528500000000001 45.767674000000000 2167.7971060000000 2.3133298270976503 1.0000000000000000 3
6.8528500000000001 45.767674000000000 2167.7971060000000 6.2178318262550976 1.0000000000000000 4
7.1787169999999998 46.008243000000000 1469.2272710000000 24.392264804454609 1.0000000000000000 1
7.1787169999999998 46.008243000000000 1469.2272710000000 12.964158727726257 1.0000000000000000 3
7.0294829999999999 45.434961000000001 2700.4832369999999 16.455508312606209 1.0000000000000000 3
