   6.8579999999999997        45.899999999999999        1390.6943000000001       0.80520314771490153       0.50000000000000000                3
   6.8949999999999996        45.871000000000002        3451.5400000000000        2.0071545019646715        1.0000000000000000                3
   6.9029999999999996        45.863999999999997        3246.6959999999999        1.7207584761566699       0.59999999999999998                3
   6.9219999999999997        45.856999999999999        3111.1143000000002        1.5912980876532228        1.0000000000000000                3
   6.9299999999999997        45.838999999999999        2970.4540999999999        1.6892384390005972       0.20000000000000001                3
   6.8650000000000002        45.896000000000001        1697.8834999999999       0.92972010336337796       0.80000000000000004                3
   6.8719999999999999        45.890000000000001        2195.8047000000001        1.3799493395043081       0.29999999999999999                3
   6.8789999999999996        45.887000000000000        2557.2919999999999        1.5537298140139675        1.0000000000000000                3
   6.9070000000000000        45.856999999999999        3287.9146000000001        1.6963557040246355       0.80000000000000004                3
   6.9020000000000001        45.869000000000000        3265.0275999999999        1.7887355240216758       0.59999999999999998                3
   6.8879999999999999        45.878000000000000        3345.3303000000001        2.0667704666924380       0.69999999999999996                3
   7.1020000000000003        46.164999999999999        1875.8219999999999        1.5776189979756048       0.10000000000000001                3
   7.1079999999999997        46.161999999999999        1649.1569999999999        1.4753564958413994       0.10000000000000001                3
   7.1070000000000002        46.158000000000001        1406.1040000000000        1.3258675330052352       0.10000000000000001                3
   7.1079999999999997        46.155999999999999        1263.8696000000000        1.2170090969834770       0.10000000000000001                3
   7.1269999999999998        46.158000000000001        917.64369999999997       0.94198788565761093       0.10000000000000001                3
   7.1159999999999997        46.149000000000001        739.81179999999995       0.87370055347619269       0.10000000000000001                3
   7.0860000000000003        46.125999999999998        586.08029999999997       0.81174643414513481       0.10000000000000001                3
   7.3419999999999996        45.771999999999998        1312.8027000000000        13.012790092550192        1.2000000000000000                1
   7.3659999999999997        45.719999999999999        1061.5890999999999        12.344088318917693        3.1000000000000001                1
   7.3810000000000002        45.759999999999998        1072.7056000000000        12.453855014876158        2.3999999999999999                1
   7.3860000000000001        45.755000000000003        867.73190000000000        11.769027669481153        1.8999999999999999                1
   7.3879999999999999        45.719999999999999        1200.8870999999999        12.834510935175924        2.0000000000000000                1
   7.3899999999999997        45.749000000000002        685.10149999999999        11.178420605789915        1.6000000000000001                1
   7.4020000000000001        45.741999999999997        560.46420000000001        10.763299096881870        2.7999999999999998                1
   7.4119999999999999        45.713000000000001        1265.6369999999999        12.691229302182077        2.7999999999999998                1
   6.8739999999999997        45.887999999999998        2354.2327000000000        2.2265644676798590        2.7999999999999998                1
   6.3550000000000004        45.296999999999997        609.32809999999995        1.0919962776424463       0.40000000000000002                1
   6.5199999999999996        45.454999999999998        840.23940000000005        1.3712256757612069       0.69999999999999996                1
   6.4139999999999997        45.259000000000000        784.63679999999999        10.749513305790586       0.50000000000000000                1
   6.5759999999999996        45.496000000000002        935.75360000000001        1.4225450159882691       0.29999999999999999                1
   6.6219999999999999        45.442000000000000        1088.8625000000000        11.905407602480079       0.80000000000000004                1
   6.5389999999999997        45.472999999999999        824.86850000000004        1.4138903989037621       0.50000000000000000                1
   6.5389999999999997        45.472999999999999        824.86850000000004        1.4138903989037621       0.20000000000000001                1
   6.5389999999999997        45.472999999999999        824.86850000000004        1.4138903989037621       0.20000000000000001                1
   6.4669999999999996        45.207000000000001        1021.4956000000000        11.302892807179916        1.3000000000000000                1
   6.7519999999999998        45.609999999999999        1012.1242000000000        11.465117452847807       0.40000000000000002                1
   6.7740000000000000        45.600000000000001        1012.1100000000000        11.443059594143076        1.3000000000000000                1
   6.7750000000000004        45.590000000000003        1202.4213999999999        12.119885365829361        1.2000000000000000                1
   6.4669999999999996        45.195000000000000        1376.9291000000001        12.454774872530585        1.3000000000000000                1
   6.7830000000000004        45.590000000000003        1409.0063000000000        12.872287120346192        1.1000000000000001                1
   6.4279999999999999        45.210999999999999        1437.8904000000000        13.012387393614643        1.1000000000000001                1
   6.4070000000000000        45.231000000000002        1429.1659000000000        13.369527895440855       0.50000000000000000                1
   6.4150000000000000        45.222000000000001        1586.6438000000001        13.851685236033145        1.0000000000000000                1
   6.7900000000000000        45.588999999999999        1615.8514000000000        13.786403657959493        1.3000000000000000                1
   6.6260000000000003        45.606000000000002        1852.5569000000000        2.0785818502228617       0.80000000000000004                1
   6.8659999999999997        45.698999999999998        2292.9868000000001        14.853797872946954       0.20000000000000001                1
   6.8879999999999999        45.671999999999997        2353.0347000000002        15.155986642806715        1.0000000000000000                1
   6.4960000000000004        45.521999999999998        550.89319999999998        1.2089232111633961       0.29999999999999999                1
   6.4939999999999998        45.529000000000003        627.62159999999994        1.2820436729544571       0.29999999999999999                1
   6.3220000000000001        45.311999999999998        884.83040000000005        1.4044539343917211       0.40000000000000002                1
   6.6020000000000003        45.450000000000003        926.90949999999998        11.560498881897598       0.69999999999999996                1
   6.3879999999999999        45.280000000000001        1294.7985000000001        12.919557690032521       0.40000000000000002                1
   6.7389999999999999        45.609999999999999        1254.4888000000001        12.445044760075401       0.59999999999999998                1
   6.3300000000000001        45.298999999999999        1394.3617999999999        1.9044889752188503       0.50000000000000000                1
   6.3159999999999998        45.305000000000000        1546.0192000000000        2.0616935796715086        3.2999999999999998                1
   6.4580000000000002        45.186000000000000        1778.8942000000000        13.859171076000685        1.6000000000000001                1
   6.9050000000000002        45.677000000000000        2490.9148000000000        15.663080541483968       0.80000000000000004                1
   6.9029999999999996        45.680999999999997        2455.5041999999999        15.529677380326570       0.80000000000000004                1
   6.8170000000000002        45.771000000000001        2856.1052000000000        2.6676128495121056       0.59999999999999998                1
   6.8670000000000000        45.896999999999998        1710.4623999999999        1.7277014303475080       0.20000000000000001                1
   6.8730000000000002        45.890999999999998        2191.8366999999998        2.0892232524835821       0.40000000000000002                1
   6.8789999999999996        45.886000000000003        2605.9290000000001        2.4836982798160991       0.20000000000000001                1
   6.8830000000000000        45.881999999999998        2917.9729000000002        2.6917133138564511       0.40000000000000002                1
   6.8949999999999996        45.871000000000002        3451.5400000000000        3.1048199997828427       0.69999999999999996                1
   6.9029999999999996        45.863999999999997        3246.6959999999999        2.8339160573185684        1.1000000000000001                1
   6.9219999999999997        45.856999999999999        3111.1143000000002        2.6808899079056765       0.80000000000000004                1
   6.9160000000000004        45.850999999999999        3253.2773000000002        2.8059065144746214       0.69999999999999996                1
   6.9230000000000000        45.844999999999999        3175.3186000000001        2.7719093506935506       0.69999999999999996                1
   6.9299999999999997        45.838999999999999        2970.4540999999999        2.6362308135557755       0.59999999999999998                1
   6.9400000000000004        45.829000000000001        2151.8420000000001        1.9198571476899857       0.69999999999999996                1
   6.8789999999999996        45.887000000000000        2557.2919999999999        2.4463649558247162       0.29999999999999999                1
   6.8719999999999999        45.890000000000001        2195.8047000000001        2.1710228453156053       0.29999999999999999                1
   6.8689999999999998        45.893000000000001        1956.2596000000001        1.9455707307055272       0.40000000000000002                1
   6.8650000000000002        45.896000000000001        1697.8834999999999        1.6955498789831052       0.29999999999999999                1
   6.8579999999999997        45.899999999999999        1390.6943000000001        1.4768078910738467       0.29999999999999999                1
   6.9020000000000001        45.869000000000000        3265.0275999999999        2.8796194489189055        1.0000000000000000                1
   6.9070000000000000        45.856999999999999        3287.9146000000001        2.8452842195317194       0.80000000000000004                1
   6.9279999999999999        45.850000000000001        3202.5841999999998        2.8073798813712170       0.50000000000000000                1
   6.8879999999999999        45.878000000000000        3345.3303000000001        3.1000807728971038       0.80000000000000004                1
   6.9500000000000002        45.828000000000003        1899.5486000000001        12.795380627845677       0.69999999999999996                1
   6.9390000000000001        45.838999999999999        2803.6082000000001        2.4974712132930055       0.59999999999999998                1
   6.9400000000000004        45.837000000000003        2654.8766999999998        2.3603358974132345        1.1000000000000001                1
   6.9409999999999998        45.834000000000003        2447.2134000000001        2.1717694152966320       0.59999999999999998                1
   7.0439999999999996        45.872000000000000        2058.6615999999999        13.183965279481567       0.59999999999999998                1
   6.9630000000000001        45.802000000000000        1383.7190000000001        11.487889103422926       0.69999999999999996                1
   6.9169999999999998        45.805999999999997        1935.6478000000000        1.7762354109622351       0.20000000000000001                1
   6.9329999999999998        45.844000000000001        3157.7292000000002        2.7816643907511764        1.7000000000000000                1
   7.0330000000000004        45.750000000000000        1152.4813999999999        11.440118808196337        3.0000000000000000                1
   7.4580000000000002        46.148000000000003        1239.0045000000000        11.384421331006154        1.6000000000000001                1
   7.3730000000000002        45.841000000000001        1261.1990000000001        11.231774334979177        1.1000000000000001                1
   7.4310000000000000        45.430999999999997        873.15150000000006        11.174927984851626        1.1000000000000001                1
   7.3380000000000001        45.439999999999998        1187.0020999999999        11.348324987069363        1.2000000000000000                1
   7.2130000000000001        45.429000000000002        1991.3219999999999        13.332706885564672        1.8000000000000000                1
   7.1779999999999999        45.450000000000003        1932.8658000000000        12.695771622566276        2.3999999999999999                1
   7.2670000000000003        45.512999999999998        3637.3341999999998        18.856283404683147        3.1000000000000001                1
   7.2919999999999998        45.512000000000000        3344.5913000000000        17.651586818882500        4.7999999999999998                1
   6.2850000000000001        45.378999999999998        580.17690000000005        1.1905874533825598       0.20000000000000001                1
   6.2820000000000000        45.348999999999997        742.70809999999994        1.3096682341592096       0.20000000000000001                1
   6.2770000000000001        45.350000000000001        953.02200000000005        1.4988593168141791       0.20000000000000001                1
   6.2690000000000001        45.369999999999997        761.68269999999995        1.3300292310040716       0.29999999999999999                1
   6.2519999999999998        45.357999999999997        1694.5641000000001        2.2376251027991541       0.20000000000000001                1
   6.2450000000000001        45.359999999999999        1608.5392999999999        2.1241746273285154       0.20000000000000001                1
   6.2329999999999997        45.363000000000000        1645.1132000000000        2.1035793246815930       0.10000000000000001                1
   6.1920000000000002        45.369999999999997        1894.0029000000000        2.3410262201981440       0.10000000000000001                1
   6.3250000000000002        45.317999999999998        704.82370000000003        1.2178632258615085       0.20000000000000001                1
   6.3419999999999996        45.298999999999999        989.07680000000005        1.4817965054988260       0.20000000000000001                1
   6.3620000000000001        45.256999999999998        1057.7547999999999        12.346590483850026       0.40000000000000002                1
   6.2910000000000004        45.384999999999998        920.27719999999999        1.5315878289967535       0.29999999999999999                1
   6.2660000000000000        45.356999999999999        1310.4172000000001        1.8566183384684045       0.10000000000000001                1
   6.3010000000000002        45.390999999999998        1295.5473999999999        1.8951507533001755       0.29999999999999999                1
   6.3070000000000004        45.317000000000000        990.33050000000003        1.5227131419047826       0.20000000000000001                1
   6.3380000000000001        45.344999999999999        1401.2373000000000        1.9061500701914671       0.20000000000000001                1
   6.2549999999999999        45.366000000000000        1275.2255000000000        1.8279018512304830       0.40000000000000002                1
   6.3769999999999998        45.250999999999998        962.40760000000000        11.866473238624071       0.29999999999999999                1
   6.2020000000000000        45.378000000000000        2244.0518000000002        2.7306602673934179       0.10000000000000001                1
   6.3179999999999996        45.314000000000000        798.03740000000005        1.3189229436050789       0.29999999999999999                1
   6.2580000000000000        45.343000000000004        1594.1429000000001        2.0889582488221921       0.20000000000000001                1
   6.3079999999999998        45.402000000000001        1552.5138999999999        2.1151805385586737       0.20000000000000001                1
   6.2539999999999996        45.347999999999999        1916.1484000000000        2.4335443214014796       0.40000000000000002                1
   6.3590000000000000        45.246000000000002        1287.5684000000001        13.134563798954201       0.69999999999999996                1
   6.3010000000000002        45.308999999999997        1646.9521000000000        2.1642194530951175       0.40000000000000002                1
   6.3049999999999997        45.310000000000002        1460.5354000000000        1.9756726230977886       0.20000000000000001                1
   6.2450000000000001        45.348999999999997        2093.3456999999999        2.5870670805690965       0.20000000000000001                1
   6.1950000000000003        45.363999999999997        2183.3096000000000        2.6104044491637488       0.20000000000000001                1
   6.2400000000000002        45.345999999999997        2073.2898000000000        2.5211508172339143       0.50000000000000000                1
   6.2350000000000003        45.347999999999999        2219.4902000000002        2.6875283464056641       0.20000000000000001                1
   6.2279999999999998        45.371000000000002        2009.8916999999999        2.5145811753276752       0.20000000000000001                1
   6.2249999999999996        45.359000000000002        1696.2103000000000        2.1625094503924709       0.20000000000000001                1
   6.2199999999999998        45.356000000000002        2337.6039999999998        2.7699475134812701       0.20000000000000001                1
   6.8460000000000001        45.914999999999999        1222.6893000000000        1.4200805005172359       0.59999999999999998                1
   6.8910000000000000        45.874000000000002        3525.5679000000000        3.1973824776299655        1.0000000000000000                1
   6.9340000000000002        45.835000000000001        2660.3467000000001        2.3397740669761480       0.50000000000000000                1
   6.9100000000000001        45.856999999999999        3228.1860000000001        2.7931618866842447       0.40000000000000002                1
   6.8540000000000001        45.895000000000003        1479.5000000000000        1.5967620681830674       0.29999999999999999                1
   6.8380000000000001        45.933999999999997        2146.7727000000000        2.3873889596100586       0.90000000000000002                1
   6.8879999999999999        45.878000000000000        3345.3303000000001        3.1000807728971038       0.80000000000000004                1
   6.8670000000000000        45.829999999999998        4616.6791999999996        4.1869388345556384       0.59999999999999998                1
   7.2039999999999997        45.627000000000002        1667.1820000000000        12.347738075337009        2.7000000000000002                1
   7.1219999999999999        45.723999999999997        1477.5626999999999        13.124353846861609        3.3999999999999999                1
   7.4909999999999997        45.795000000000002        1639.4522999999999        13.507963165675109        7.5000000000000000                1
   7.2089999999999996        45.603999999999999        1822.9781000000000        12.382565082040603        2.3999999999999999                1
   7.0560000000000000        45.607999999999997        1851.1197999999999        12.592690721350250        2.3999999999999999                1
   6.8200000000000003        45.171999999999997        2249.6133000000000        14.100005602198063        9.3000000000000007                1
   7.0250000000000004        45.610999999999997        2547.1786999999999        15.471363638590681        4.7000000000000002                1
   7.2329999999999997        45.503000000000000        2824.5715000000000        15.594374119352166        4.5999999999999996                1
   7.1669999999999998        45.795000000000002        2440.4603999999999        15.855581271388777        1.6000000000000001                1
   7.0449999999999999        45.634999999999998        2660.5347000000002        15.987293957197808        3.8999999999999999                1
   7.1779999999999999        45.771999999999998        2556.4535999999998        16.500481120441961        4.0999999999999996                1
   7.4400000000000004        45.563000000000002        2772.1588999999999        16.369854295613305        1.0000000000000000                1
   7.1189999999999998        45.604999999999997        2507.9508999999998        15.323425020151092        8.6999999999999993                1
   7.2380000000000004        45.622999999999998        2764.9059999999999        16.688956339061505        3.2000000000000002                1
   7.2380000000000004        45.621000000000002        2814.6880000000001        16.831195876887222        4.5999999999999996                1
   7.3879999999999999        45.649000000000001        2899.5176000000001        16.929870124577480        1.0000000000000000                1
   7.2889999999999997        45.584000000000003        2876.4657999999999        16.316648597687472        5.4000000000000004                1
   7.0979999999999999        45.603000000000002        2792.9025999999999        16.468258339793138        5.5999999999999996                1
   7.2489999999999997        45.520000000000003        3238.6388999999999        17.233441348520081        3.7000000000000002                1
   7.0309999999999997        45.627000000000002        2853.4587000000001        16.678035318103198        3.2000000000000002                1
   7.2340000000000000        45.619999999999997        2794.1093999999998        16.698134404806719        2.6000000000000001                1
   6.1170000000000000        45.207999999999998        1899.2446000000000        2.0746041125139691        2.0000000000000000                1
   7.1639999999999997        46.164000000000001        656.89170000000001        1.3238749880322986       0.20000000000000001                1
   7.0739999999999998        46.091000000000001        779.35550000000001        1.3932895588607561       0.40000000000000002                1
   6.5549999999999997        45.712000000000003        997.71529999999996        1.5649828595009558       0.20000000000000001                1
   7.0850000000000000        45.725000000000001        1057.7870000000000        11.207341004734108       0.40000000000000002                1
   7.1269999999999998        46.084000000000003        1014.7365000000000        1.5654416024533886       0.20000000000000001                1
   6.6010000000000000        45.701999999999998        1295.3135000000000        1.7280415799559388       0.10000000000000001                1
   7.0940000000000003        46.088999999999999        1108.0625000000000        1.7179735778248506       0.40000000000000002                1
   6.8479999999999999        45.915999999999997        1224.4785999999999        1.4306912844523796       0.29999999999999999                1
   7.2590000000000003        46.060000000000002        1260.2176999999999        11.647590120331490        2.1000000000000001                1
   7.2770000000000001        46.045999999999999        1318.0912000000001        11.424252315662072        4.0000000000000000                1
   6.8620000000000001        45.902000000000001        1418.4111000000000        1.5412744948816099       0.20000000000000001                1
   6.9729999999999999        45.802999999999997        1453.2301000000000        11.754569244685953       0.20000000000000001                1
   7.1219999999999999        46.097000000000001        1205.3956000000001        1.8279090134658691       0.20000000000000001                1
   7.2279999999999998        46.088000000000001        1354.1768999999999        12.519787541942870       0.69999999999999996                1
   7.2949999999999999        46.033000000000001        1538.3053000000000        11.847649592533722        6.0000000000000000                1
   6.6180000000000003        45.697000000000003        1380.7094000000000        1.7448100156084863       0.20000000000000001                1
   6.6260000000000003        45.694000000000003        1534.2440999999999        1.8597046388136049       0.29999999999999999                1
   7.0229999999999997        46.200000000000003        457.49180000000001        1.0492069900332641       0.40000000000000002                1
   7.0300000000000002        46.155000000000001        582.33730000000003        1.1366348974949423       0.40000000000000002                1
   7.1650000000000000        46.143000000000001        541.25009999999997        1.2126946249317110       0.29999999999999999                1
   7.0690000000000000        46.106999999999999        471.76740000000001        1.1316573969802612       0.59999999999999998                1
   7.5490000000000004        46.279000000000003        692.82870000000003        11.317130614027256        1.5000000000000000                1
   7.2309999999999999        46.075000000000003        1057.4010000000001        11.353230883549866       0.80000000000000004                1
   7.2549999999999999        46.247000000000000        1207.5636000000000        1.7370244077690844        1.0000000000000000                1
   7.0330000000000004        45.750000000000000        1152.4813999999999        11.440118808196337        3.0000000000000000                1
   7.0890000000000004        45.982999999999997        1950.9716000000001        1.8861161342608379       0.69999999999999996                1
   7.5599999999999996        46.161999999999999        2111.4475000000002        14.791240072494727        2.2999999999999998                1
   7.2740000000000000        46.128000000000000        2245.2986000000001        15.892077463979801        1.5000000000000000                1
   7.0339999999999998        46.012999999999998        2599.4962999999998        2.5460591448217342       0.90000000000000002                1
   6.9859999999999998        45.944000000000003        2788.5185999999999        2.4990922488855389       0.50000000000000000                1
   7.4870000000000001        46.371000000000002        2811.0225000000000        2.7988797380271704       0.69999999999999996                1
   7.0119999999999996        45.988999999999997        3255.1287000000002        3.0575175299062316        2.0000000000000000                1
   7.0170000000000003        45.984999999999999        3256.7136000000000        3.0319992511085028        1.2000000000000000                1
   7.4310000000000000        45.154000000000003        668.92240000000004        26.635641757555149        7.0000000000000000                2
   7.4409999999999998        45.170999999999999        867.65480000000002        27.478844949230325        4.0000000000000000                2
   6.8739999999999997        45.887999999999998        2354.2327000000000        4.2127836346655361        2.7000000000000002                2
   6.4139999999999997        45.259000000000000        784.63679999999999        24.630431936654571        4.0000000000000000                2
   6.5389999999999997        45.472999999999999        824.86850000000004        3.0405801827690913        1.6000000000000001                2
   6.5389999999999997        45.472999999999999        824.86850000000004        3.0405801827690913        1.5000000000000000                2
   6.5389999999999997        45.472999999999999        824.86850000000004        3.0405801827690913        1.5000000000000000                2
   6.5389999999999997        45.472999999999999        824.86850000000004        3.0405801827690913        1.6000000000000001                2
   6.4009999999999998        45.238999999999997        1118.5776000000001        26.309390836335009        4.0000000000000000                2
   6.7750000000000004        45.590000000000003        1202.4213999999999        26.429246753596111        1.8999999999999999                2
   6.5019999999999998        45.368000000000002        1582.6832999999999        28.251496471683353        18.000000000000000                2
   6.7750000000000004        45.661999999999999        1396.7057000000000        27.045092626256096        1.5000000000000000                2
   6.7830000000000004        45.590000000000003        1409.0063000000000        27.386141678521334        2.2999999999999998                2
   6.4279999999999999        45.210999999999999        1437.8904000000000        27.557258109791235        11.000000000000000                2
   6.4070000000000000        45.231000000000002        1429.1659000000000        27.745686622809153        7.0000000000000000                2
   6.4150000000000000        45.222000000000001        1586.6438000000001        28.432537277740781        1.0000000000000000                2
   6.7900000000000000        45.588999999999999        1615.8514000000000        28.464549666876472        2.2999999999999998                2
   6.4900000000000002        45.350000000000001        2137.9589999999998        30.990659313865422        6.0000000000000000                2
   6.4920000000000000        45.359000000000002        2000.5753000000000        30.361433968891081        7.0000000000000000                2
   6.8719999999999999        45.701999999999998        2215.6754999999998        30.724532449253839        1.7000000000000000                2
   6.8659999999999997        45.698999999999998        2292.9868000000001        31.133445631017224        1.5000000000000000                2
   6.4909999999999997        45.281999999999996        2244.8485999999998        31.347614163313470        8.0000000000000000                2
   6.3550000000000004        45.296999999999997        609.32809999999995        2.7316361387751691        1.1000000000000001                2
   6.4960000000000004        45.521999999999998        550.89319999999998        2.8442318792464532        1.0000000000000000                2
   6.4939999999999998        45.529000000000003        627.62159999999994        2.9395809684016623        1.0000000000000000                2
   6.5199999999999996        45.454999999999998        840.23940000000005        3.0337468371607610        1.0000000000000000                2
   6.6390000000000002        45.441000000000003        1030.8679999999999        25.598600386201298        2.0000000000000000                2
   6.5759999999999996        45.496000000000002        935.75360000000001        3.1153447893812332        1.5000000000000000                2
   6.3220000000000001        45.311999999999998        884.83040000000005        3.0532284482646128        1.3000000000000000                2
   6.6219999999999999        45.442000000000000        1088.8625000000000        26.034843007168149       0.29999999999999999                2
   6.6020000000000003        45.450000000000003        926.90949999999998        25.556177205585907        5.0000000000000000                2
   6.4669999999999996        45.207000000000001        1021.4956000000000        25.388030488733204        8.0000000000000000                2
   6.7519999999999998        45.609999999999999        1012.1242000000000        25.635917794682129        2.0000000000000000                2
   6.5899999999999999        45.503999999999998        1214.9240000000000        3.4043697530188624        1.5000000000000000                2
   6.3879999999999999        45.280000000000001        1294.7985000000001        27.263505652775557        1.0000000000000000                2
   6.7389999999999999        45.609999999999999        1254.4888000000001        26.835658739893248        1.7000000000000000                2
   6.4669999999999996        45.195000000000000        1376.9291000000001        26.984655405602492        21.000000000000000                2
   6.3300000000000001        45.298999999999999        1394.3617999999999        3.5620817363406525        1.5000000000000000                2
   6.3159999999999998        45.305000000000000        1546.0192000000000        3.7236164373548086        1.0000000000000000                2
   6.6260000000000003        45.606000000000002        1852.5569000000000        3.9942630318169203        2.0000000000000000                2
   6.7619999999999996        45.720999999999997        1892.6519000000001        3.8186343413933579        1.0000000000000000                2
   6.4580000000000002        45.186000000000000        1778.8942000000000        28.897940566705795        4.0000000000000000                2
   6.6940000000000000        45.685000000000002        2152.4794999999999        4.1813232027747835        1.0000000000000000                2
   6.8789999999999996        45.677999999999997        2207.8433000000000        30.710364815751195        1.5000000000000000                2
   6.4199999999999999        45.348999999999997        2307.8777000000000        4.4085420207054034        1.1000000000000001                2
   6.8879999999999999        45.671999999999997        2353.0347000000002        31.473016005949560        2.0000000000000000                2
   6.8659999999999997        45.704000000000001        2227.5981000000002        30.776384201508389        1.5000000000000000                2
   6.6890000000000001        45.676000000000002        2361.3638000000001        4.4144018952096298        1.2000000000000000                2
   6.8250000000000002        45.768000000000001        2573.2487999999998        4.4335591203505427        1.6000000000000001                2
   6.6790000000000003        45.667999999999999        2426.6523000000002        4.4921153260800288        1.0000000000000000                2
   6.9050000000000002        45.677000000000000        2490.9148000000000        32.155917129103585        2.0000000000000000                2
   6.9029999999999996        45.680999999999997        2455.5041999999999        31.959372614540989        2.2999999999999998                2
   6.8789999999999996        45.887000000000000        2557.2919999999999        4.4284878249832467        1.1000000000000001                2
   6.8719999999999999        45.890000000000001        2195.8047000000001        4.0890469210871494       0.69999999999999996                2
   6.8689999999999998        45.893000000000001        1956.2596000000001        3.8460253019334369       0.90000000000000002                2
   6.8650000000000002        45.896000000000001        1697.8834999999999        3.5814558975835546       0.90000000000000002                2
   6.8579999999999997        45.899999999999999        1390.6943000000001        3.3011936405168165       0.80000000000000004                2
   6.9020000000000001        45.869000000000000        3265.0275999999999        5.0576646292040959       0.90000000000000002                2
   6.9070000000000000        45.856999999999999        3287.9146000000001        5.0689574927685470       0.80000000000000004                2
   6.9329999999999998        45.881000000000000        2447.5391000000000        4.2130680085913381       0.90000000000000002                2
   6.8879999999999999        45.878000000000000        3345.3303000000001        5.1947841997866506       0.69999999999999996                2
   6.8670000000000000        45.896999999999998        1710.4623999999999        3.6014601527548251       0.50000000000000000                2
   6.8730000000000002        45.890999999999998        2191.8366999999998        4.0528491428813815       0.59999999999999998                2
   6.8949999999999996        45.871000000000002        3451.5400000000000        5.2686060043927254       0.59999999999999998                2
   6.9029999999999996        45.863999999999997        3246.6959999999999        5.0320072096904118       0.80000000000000004                2
   6.9219999999999997        45.856999999999999        3111.1143000000002        4.8714769900932691       0.59999999999999998                2
   6.9299999999999997        45.838999999999999        2970.4540999999999        4.7312762342845218       0.59999999999999998                2
   7.3730000000000002        45.841000000000001        1261.1990000000001        25.933693905154737        1.8999999999999999                2
   7.0330000000000004        45.750000000000000        1152.4813999999999        25.704129275940275        1.8999999999999999                2
   7.5190000000000001        45.917000000000002        2157.5063000000000        29.604518453526396        1.8000000000000000                2
   7.4310000000000000        45.430999999999997        873.15150000000006        25.162823995575483        1.8000000000000000                2
   7.3380000000000001        45.439999999999998        1187.0020999999999        25.788218018827752        1.8000000000000000                2
   7.2130000000000001        45.429000000000002        1991.3219999999999        28.911774959348811        1.7000000000000000                2
   7.1779999999999999        45.450000000000003        1932.8658000000000        28.246924007504280        1.6000000000000001                2
   7.2249999999999996        45.515999999999998        2619.3020000000001        31.497167771532389        2.0000000000000000                2
   7.2430000000000003        45.515000000000001        3139.3098000000000        34.295092224838299        1.5000000000000000                2
   7.2670000000000003        45.512999999999998        3637.3341999999998        35.597025154797990        1.8999999999999999                2
   7.2919999999999998        45.512000000000000        3344.5913000000000        35.155591136565661        1.6000000000000001                2
   7.3570000000000002        46.219000000000001        617.51170000000002        25.061867156958481        1.6000000000000001                2
   7.1570000000000000        46.081000000000003        807.39670000000001        2.9264366436339895       0.90000000000000002                2
   7.0739999999999998        46.091000000000001        779.35550000000001        2.9731215293582225        1.0000000000000000                2
   6.5549999999999997        45.712000000000003        997.71529999999996        3.2688273849909559       0.80000000000000004                2
   7.1269999999999998        46.084000000000003        1014.7365000000000        3.1711949094157923        1.3000000000000000                2
   7.1760000000000002        46.094000000000001        1043.8976000000000        3.1857024266544043        1.8000000000000000                2
   7.1660000000000004        46.093000000000004        1065.2915000000000        3.2154256232916678        1.5000000000000000                2
   7.2160000000000002        46.090000000000003        1123.7230000000000        3.1766815879838584        2.2999999999999998                2
   7.2300000000000004        46.156999999999996        1176.3831000000000        3.4210438994583683        2.6000000000000001                2
   6.7720000000000002        45.665999999999997        1582.8317000000000        3.5423017519445956        1.1000000000000001                2
   7.2279999999999998        46.088000000000001        1354.1768999999999        27.299215065627376        1.6000000000000001                2
   6.7320000000000002        45.680000000000000        1947.3335999999999        3.9319085831385761        1.5000000000000000                2
   7.1159999999999997        45.889000000000003        2261.9385000000002        30.129106752589315        1.6000000000000001                2
   7.0300000000000002        46.155000000000001        582.33730000000003        2.8458136457333385        1.7000000000000000                2
   7.5490000000000004        46.279000000000003        692.82870000000003        25.178291104334463        2.8999999999999999                2
   7.0890000000000004        45.982999999999997        1950.9716000000001        3.7661506515990966        1.2000000000000000                2
   6.9859999999999998        45.944000000000003        2788.5185999999999        4.5915792789495473        1.3000000000000000                2
   7.4870000000000001        46.371000000000002        2811.0225000000000        4.8759395243029644        27.000000000000000                2
   7.0119999999999996        45.988999999999997        3255.1287000000002        5.1438544245431137        1.6000000000000001                2
   7.5940000000000003        45.338000000000001        456.95780000000002        24.359084725153672        14.000000000000000                2
   7.5330000000000004        45.414000000000001        860.86609999999996        25.748478561537013        3.0000000000000000                2
   7.4240000000000004        45.170000000000002        781.13670000000002        26.971825224088473        3.2999999999999998                2
   6.6539999999999999        45.189999999999998        1112.3672999999999        25.127879271205586        3.5000000000000000                2
   7.5030000000000001        45.503999999999998        1245.9965999999999        26.347221272006486        3.2000000000000002                2
   6.9710000000000001        45.145000000000003        1429.9303000000000        27.668747800336742        3.0000000000000000                2
   7.2510000000000003        45.320999999999998        1771.7671000000000        29.121999787580908        3.2999999999999998                2
   7.2900000000000000        45.643999999999998        1729.0723000000000        28.117287094956339        2.5000000000000000                2
   7.1929999999999996        45.984999999999999        1498.3396000000000        26.640595405637402        3.0000000000000000                2
   7.1420000000000003        45.609000000000002        1874.9275000000000        28.309708130159816        3.1000000000000001                2
   7.2720000000000002        45.448999999999998        1972.8855000000001        29.128057905717363        2.8999999999999999                2
   6.1139999999999999        45.210000000000001        2008.0676000000001        4.1306442904582656        1.5000000000000000                2
   7.3920000000000003        45.597999999999999        1781.4500000000000        27.872910037830763        3.2999999999999998                2
   7.4299999999999997        45.884999999999998        2231.0679000000000        30.088492436891421        3.0000000000000000                2
   7.0529999999999999        45.360999999999997        2437.1889999999999        30.786650234383622        3.0000000000000000                2
   7.4870000000000001        46.033999999999999        2034.0065999999999        28.957852390576040        3.6000000000000001                2
   7.1799999999999997        45.886000000000003        2379.5241999999998        30.756434785727620        3.2000000000000002                2
