   6.8579999999999997        45.899999999999999        1390.6943000000001        1.3321470889250588       0.50000000000000000                3
   6.8949999999999996        45.871000000000002        3451.5400000000000        2.7686967211177205        1.0000000000000000                3
   6.9029999999999996        45.863999999999997        3246.6959999999999        2.4846717102058857       0.59999999999999998                3
   6.9219999999999997        45.856999999999999        3111.1143000000002        2.3415400173883434        1.0000000000000000                3
   6.9299999999999997        45.838999999999999        2970.4540999999999        2.3667448189757314       0.20000000000000001                3
   6.8650000000000002        45.896000000000001        1697.8834999999999        1.5109877014810791       0.80000000000000004                3
   6.8789999999999996        45.887000000000000        2557.2919999999999        2.2063097607582418        1.0000000000000000                3
   6.9070000000000000        45.856999999999999        3287.9146000000001        2.4794655500562786       0.80000000000000004                3
   6.9020000000000001        45.869000000000000        3265.0275999999999        2.5418532312757511       0.59999999999999998                3
   7.1070000000000002        46.158000000000001        1406.1040000000000        1.8732976140155855       0.10000000000000001                3
   7.1079999999999997        46.155999999999999        1263.8696000000000        1.7521441842457848       0.10000000000000001                3
   7.1269999999999998        46.158000000000001        917.64369999999997        1.4413079794507211       0.10000000000000001                3
   7.1159999999999997        46.149000000000001        739.81179999999995        1.3350553292710403       0.10000000000000001                3
   7.0860000000000003        46.125999999999998        586.08029999999997        1.2484274550546941       0.10000000000000001                3
   7.3419999999999996        45.771999999999998        1312.8027000000000        19.643439092404030        1.2000000000000000                1
   7.3659999999999997        45.719999999999999        1061.5890999999999        18.797346487948889        3.1000000000000001                1
   7.3860000000000001        45.755000000000003        867.73190000000000        18.152840814633432        1.8999999999999999                1
   7.3879999999999999        45.719999999999999        1200.8870999999999        19.360231143089528        2.0000000000000000                1
   6.8739999999999997        45.887999999999998        2354.2327000000000        3.2860049419715254        2.7999999999999998                1
   6.3550000000000004        45.296999999999997        609.32809999999995        1.9834013587463788       0.40000000000000002                1
   6.5199999999999996        45.454999999999998        840.23940000000005        2.2762264036480890       0.69999999999999996                1
   6.4139999999999997        45.259000000000000        784.63679999999999        17.218940392023047       0.50000000000000000                1
   6.5759999999999996        45.496000000000002        935.75360000000001        2.3478813062184569       0.29999999999999999                1
   6.6219999999999999        45.442000000000000        1088.8625000000000        18.438923156025233       0.80000000000000004                1
   6.5389999999999997        45.472999999999999        824.86850000000004        2.3009497137301507       0.20000000000000001                1
   6.4669999999999996        45.207000000000001        1021.4956000000000        17.842296941873144        1.3000000000000000                1
   6.7519999999999998        45.609999999999999        1012.1242000000000        18.027603088383962       0.40000000000000002                1
   6.7740000000000000        45.600000000000001        1012.1100000000000        17.978190827342285        1.3000000000000000                1
   6.7750000000000004        45.590000000000003        1202.4213999999999        18.750686994552513        1.2000000000000000                1
   6.4669999999999996        45.195000000000000        1376.9291000000001        19.160085567671970        1.3000000000000000                1
   6.7830000000000004        45.590000000000003        1409.0063000000000        19.574176294450329        1.1000000000000001                1
   6.4279999999999999        45.210999999999999        1437.8904000000000        19.726343799134426        1.1000000000000001                1
   6.4070000000000000        45.231000000000002        1429.1659000000000        19.995032211648667       0.50000000000000000                1
   6.6260000000000003        45.606000000000002        1852.5569000000000        3.1124390423923782       0.80000000000000004                1
   6.8879999999999999        45.671999999999997        2353.0347000000002        22.481113397372617        1.0000000000000000                1
   6.4960000000000004        45.521999999999998        550.89319999999998        2.0983056125476258       0.29999999999999999                1
   6.4939999999999998        45.529000000000003        627.62159999999994        2.1810968103214363       0.29999999999999999                1
   6.3220000000000001        45.311999999999998        884.83040000000005        2.3007042298116267       0.40000000000000002                1
   6.6020000000000003        45.450000000000003        926.90949999999998        18.055359843274832       0.69999999999999996                1
   6.3300000000000001        45.298999999999999        1394.3617999999999        2.8085802978835641       0.50000000000000000                1
   6.3159999999999998        45.305000000000000        1546.0192000000000        2.9668818282788898        3.2999999999999998                1
   6.4580000000000002        45.186000000000000        1778.8942000000000        20.729261448262090        1.6000000000000001                1
   6.9050000000000002        45.677000000000000        2490.9148000000000        23.023841966117388       0.80000000000000004                1
   6.9029999999999996        45.680999999999997        2455.5041999999999        22.867469945912280       0.80000000000000004                1
   6.8170000000000002        45.771000000000001        2856.1052000000000        3.7662741070376997       0.59999999999999998                1
   6.8789999999999996        45.886000000000003        2605.9290000000001        3.5454730444338516       0.20000000000000001                1
   6.8830000000000000        45.881999999999998        2917.9729000000002        3.7933466429883502       0.40000000000000002                1
   6.8949999999999996        45.871000000000002        3451.5400000000000        4.2560505567651994       0.69999999999999996                1
   6.9029999999999996        45.863999999999997        3246.6959999999999        4.0034708340784002        1.1000000000000001                1
   6.9400000000000004        45.829000000000001        2151.8420000000001        2.9670763339914044       0.69999999999999996                1
   6.8789999999999996        45.887000000000000        2557.2919999999999        3.5030808625571113       0.29999999999999999                1
   6.8719999999999999        45.890000000000001        2195.8047000000001        3.1928773305211022       0.29999999999999999                1
   6.8689999999999998        45.893000000000001        1956.2596000000001        2.9584878863005488       0.40000000000000002                1
   6.8650000000000002        45.896000000000001        1697.8834999999999        2.7011991099761929       0.29999999999999999                1
   6.8579999999999997        45.899999999999999        1390.6943000000001        2.4495549022514269       0.29999999999999999                1
   6.9020000000000001        45.869000000000000        3265.0275999999999        4.0384139270659078        1.0000000000000000                1
   6.9070000000000000        45.856999999999999        3287.9146000000001        4.0288736539634229       0.80000000000000004                1
   6.9279999999999999        45.850000000000001        3202.5841999999998        3.9491621178235627       0.50000000000000000                1
   6.8879999999999999        45.878000000000000        3345.3303000000001        4.2153871288992368       0.80000000000000004                1
   6.9390000000000001        45.838999999999999        2803.6082000000001        3.5869625982227320       0.59999999999999998                1
   6.9400000000000004        45.837000000000003        2654.8766999999998        3.4425433545541000        1.1000000000000001                1
   6.9409999999999998        45.834000000000003        2447.2134000000001        3.2423118876196111       0.59999999999999998                1
   6.9630000000000001        45.802000000000000        1383.7190000000001        18.281719124753806       0.69999999999999996                1
   6.9169999999999998        45.805999999999997        1935.6478000000000        2.8065706943083626       0.20000000000000001                1
   6.9329999999999998        45.844000000000001        3157.7292000000002        3.9139531100369513        1.7000000000000000                1
   7.0330000000000004        45.750000000000000        1152.4813999999999        18.035267289332332        3.0000000000000000                1
   7.4580000000000002        46.148000000000003        1239.0045000000000        18.342547082748304        1.6000000000000001                1
   7.4310000000000000        45.430999999999997        873.15150000000006        17.688985322236949        1.1000000000000001                1
   7.3380000000000001        45.439999999999998        1187.0020999999999        18.030120142338667        1.2000000000000000                1
   7.2130000000000001        45.429000000000002        1991.3219999999999        20.418352007561044        1.8000000000000000                1
   6.2850000000000001        45.378999999999998        580.17690000000005        2.0761550892523095       0.20000000000000001                1
   6.2820000000000000        45.348999999999997        742.70809999999994        2.2014401424776979       0.20000000000000001                1
   6.2770000000000001        45.350000000000001        953.02200000000005        2.4108734789277100       0.20000000000000001                1
   6.2690000000000001        45.369999999999997        761.68269999999995        2.2436365944417860       0.29999999999999999                1
   6.2519999999999998        45.357999999999997        1694.5641000000001        3.1708317414138500       0.20000000000000001                1
   6.2450000000000001        45.359999999999999        1608.5392999999999        3.0764695795383021       0.20000000000000001                1
   6.2329999999999997        45.363000000000000        1645.1132000000000        3.0973506556047101       0.10000000000000001                1
   6.1920000000000002        45.369999999999997        1894.0029000000000        3.3584653243732827       0.10000000000000001                1
   6.3250000000000002        45.317999999999998        704.82370000000003        2.1079093066622674       0.20000000000000001                1
   6.2660000000000000        45.356999999999999        1310.4172000000001        2.7806049490361540       0.10000000000000001                1
   6.3010000000000002        45.390999999999998        1295.5473999999999        2.7962324757983961       0.29999999999999999                1
   6.3070000000000004        45.317000000000000        990.33050000000003        2.4144000615539114       0.20000000000000001                1
   6.3380000000000001        45.344999999999999        1401.2373000000000        2.8175294754147338       0.20000000000000001                1
   6.2549999999999999        45.366000000000000        1275.2255000000000        2.7561113161714399       0.40000000000000002                1
   6.3769999999999998        45.250999999999998        962.40760000000000        18.295668394658165       0.29999999999999999                1
   6.2020000000000000        45.378000000000000        2244.0518000000002        3.7373928822371347       0.10000000000000001                1
   6.2580000000000000        45.343000000000004        1594.1429000000001        3.0379582315544456       0.20000000000000001                1
   6.3079999999999998        45.402000000000001        1552.5138999999999        3.0422573327490201       0.20000000000000001                1
   6.2539999999999996        45.347999999999999        1916.1484000000000        3.3777113102565619       0.40000000000000002                1
   6.3590000000000000        45.246000000000002        1287.5684000000001        19.675069726592469       0.69999999999999996                1
   6.3010000000000002        45.308999999999997        1646.9521000000000        3.0772674246825455       0.40000000000000002                1
   6.3049999999999997        45.310000000000002        1460.5354000000000        2.8881995908233078       0.20000000000000001                1
   6.2450000000000001        45.348999999999997        2093.3456999999999        3.5502206334280766       0.20000000000000001                1
   6.1950000000000003        45.363999999999997        2183.3096000000000        3.6375955491472141       0.20000000000000001                1
   6.2249999999999996        45.359000000000002        1696.2103000000000        3.1472918799138583       0.20000000000000001                1
   6.2199999999999998        45.356000000000002        2337.6039999999998        3.7829996628355573       0.20000000000000001                1
   6.8460000000000001        45.914999999999999        1222.6893000000000        2.3611650055320457       0.59999999999999998                1
   6.8910000000000000        45.874000000000002        3525.5679000000000        4.3404140162543801        1.0000000000000000                1
   6.9340000000000002        45.835000000000001        2660.3467000000001        3.4381607151865374       0.50000000000000000                1
   6.9100000000000001        45.856999999999999        3228.1860000000001        3.9637360083662969       0.40000000000000002                1
   6.8540000000000001        45.895000000000003        1479.5000000000000        2.5622783263739501       0.29999999999999999                1
   6.8380000000000001        45.933999999999997        2146.7727000000000        3.3491574921313259       0.90000000000000002                1
   6.8879999999999999        45.878000000000000        3345.3303000000001        4.2153871288992368       0.80000000000000004                1
   7.4909999999999997        45.795000000000002        1639.4522999999999        20.504379444389809        7.5000000000000000                1
   7.2089999999999996        45.603999999999999        1822.9781000000000        19.540699806932508        2.3999999999999999                1
   6.8200000000000003        45.171999999999997        2249.6133000000000        21.512069810364924        9.3000000000000007                1
   7.0250000000000004        45.610999999999997        2547.1786999999999        22.833137092067098        4.7000000000000002                1
   7.2329999999999997        45.503000000000000        2824.5715000000000        23.208956854926388        4.5999999999999996                1
   7.4400000000000004        45.563000000000002        2772.1588999999999        23.854069688010568        1.0000000000000000                1
   7.1189999999999998        45.604999999999997        2507.9508999999998        22.603434857803073        8.6999999999999993                1
   7.2380000000000004        45.622999999999998        2764.9059999999999        24.052409483539513        3.2000000000000002                1
   7.2380000000000004        45.621000000000002        2814.6880000000001        24.226257088031918        4.5999999999999996                1
   7.3879999999999999        45.649000000000001        2899.5176000000001        24.588904624560353        1.0000000000000000                1
   7.2889999999999997        45.584000000000003        2876.4657999999999        23.868948215205066        5.4000000000000004                1
   7.0979999999999999        45.603000000000002        2792.9025999999999        23.842849057197149        5.5999999999999996                1
   6.1170000000000000        45.207999999999998        1899.2446000000000        3.1069755534951997        2.0000000000000000                1
   7.1639999999999997        46.164000000000001        656.89170000000001        2.2007334539485814       0.20000000000000001                1
   7.0739999999999998        46.091000000000001        779.35550000000001        2.2562355616205814       0.40000000000000002                1
   6.5549999999999997        45.712000000000003        997.71529999999996        2.4851549557356050       0.20000000000000001                1
   7.0850000000000000        45.725000000000001        1057.7870000000000        17.829138371718180       0.40000000000000002                1
   6.6010000000000000        45.701999999999998        1295.3135000000000        2.6713572540842652       0.10000000000000001                1
   7.0940000000000003        46.088999999999999        1108.0625000000000        2.5852370299083147       0.40000000000000002                1
   6.8479999999999999        45.915999999999997        1224.4785999999999        2.3711343657225621       0.29999999999999999                1
   7.2590000000000003        46.060000000000002        1260.2176999999999        18.384480416161313        2.1000000000000001                1
   7.2770000000000001        46.045999999999999        1318.0912000000001        18.238738435346139        4.0000000000000000                1
   6.8620000000000001        45.902000000000001        1418.4111000000000        2.5027701556265747       0.20000000000000001                1
   6.9729999999999999        45.802999999999997        1453.2301000000000        18.579599939480438       0.20000000000000001                1
   7.1219999999999999        46.097000000000001        1205.3956000000001        2.7001628311535901       0.20000000000000001                1
   6.6260000000000003        45.694000000000003        1534.2440999999999        2.8304468061060262       0.29999999999999999                1
   7.0229999999999997        46.200000000000003        457.49180000000001        1.9688305026637938       0.40000000000000002                1
   7.0300000000000002        46.155000000000001        582.33730000000003        2.0578196448927888       0.40000000000000002                1
   7.1650000000000000        46.143000000000001        541.25009999999997        2.0730177474778921       0.29999999999999999                1
   7.0690000000000000        46.106999999999999        471.76740000000001        1.9845484515695615       0.59999999999999998                1
   7.5490000000000004        46.279000000000003        692.82870000000003        17.767883249030824        1.5000000000000000                1
   7.2309999999999999        46.075000000000003        1057.4010000000001        17.989913663225330       0.80000000000000004                1
   7.2549999999999999        46.247000000000000        1207.5636000000000        2.6887878069311104        1.0000000000000000                1
   7.0330000000000004        45.750000000000000        1152.4813999999999        18.035267289332332        3.0000000000000000                1
   7.0890000000000004        45.982999999999997        1950.9716000000001        2.8887466675039453       0.69999999999999996                1
   7.5599999999999996        46.161999999999999        2111.4475000000002        22.137526363863273        2.2999999999999998                1
   7.2740000000000000        46.128000000000000        2245.2986000000001        23.187802741955519        1.5000000000000000                1
   7.0339999999999998        46.012999999999998        2599.4962999999998        3.6216937982165351       0.90000000000000002                1
   7.0170000000000003        45.984999999999999        3256.7136000000000        4.1564435095425285        1.2000000000000000                1
   7.4409999999999998        45.170999999999999        867.65480000000002        35.999903681249450        4.0000000000000000                2
   6.8739999999999997        45.887999999999998        2354.2327000000000        6.2820540635342086        2.7000000000000002                2
   6.4139999999999997        45.259000000000000        784.63679999999999        35.999903681211116        4.0000000000000000                2
   6.5389999999999997        45.472999999999999        824.86850000000004        5.0354649058987695        1.6000000000000001                2
   6.5389999999999997        45.472999999999999        824.86850000000004        5.0354649058987695        1.5000000000000000                2
   6.5389999999999997        45.472999999999999        824.86850000000004        5.0354649058987695        1.5000000000000000                2
   6.5389999999999997        45.472999999999999        824.86850000000004        5.0354649058987695        1.6000000000000001                2
   6.4009999999999998        45.238999999999997        1118.5776000000001        35.999903681234287        4.0000000000000000                2
   6.4279999999999999        45.210999999999999        1437.8904000000000        35.999903681251226        11.000000000000000                2
   6.4939999999999998        45.529000000000003        627.62159999999994        4.9379024538431118        1.0000000000000000                2
   6.5199999999999996        45.454999999999998        840.23940000000005        5.0329191945453751        1.0000000000000000                2
   6.5759999999999996        45.496000000000002        935.75360000000001        5.1157998009989774        1.5000000000000000                2
   6.3220000000000001        45.311999999999998        884.83040000000005        5.0533319766855449        1.3000000000000000                2
   6.7389999999999999        45.609999999999999        1254.4888000000001        35.999903681242372        1.7000000000000000                2
   6.4669999999999996        45.195000000000000        1376.9291000000001        35.999903681244312        21.000000000000000                2
   6.3300000000000001        45.298999999999999        1394.3617999999999        5.5703664823440793        1.5000000000000000                2
   6.3159999999999998        45.305000000000000        1546.0192000000000        5.7360928770751158        1.0000000000000000                2
   6.6260000000000003        45.606000000000002        1852.5569000000000        6.0403037087668423        2.0000000000000000                2
   6.7619999999999996        45.720999999999997        1892.6519000000001        5.8775309653954695        1.0000000000000000                2
   6.4580000000000002        45.186000000000000        1778.8942000000000        35.999903681268805        4.0000000000000000                2
   6.6940000000000000        45.685000000000002        2152.4794999999999        6.2382413486246699        1.0000000000000000                2
   6.8879999999999999        45.671999999999997        2353.0347000000002        35.999903681301859        2.0000000000000000                2
   6.6890000000000001        45.676000000000002        2361.3638000000001        6.4746300776896923        1.2000000000000000                2
   6.8250000000000002        45.768000000000001        2573.2487999999998        6.5123578272811331        1.6000000000000001                2
   6.6790000000000003        45.667999999999999        2426.6523000000002        6.5543405533406984        1.0000000000000000                2
   6.8789999999999996        45.887000000000000        2557.2919999999999        6.5003067198415527        1.1000000000000001                2
   6.8719999999999999        45.890000000000001        2195.8047000000001        6.1492228743137529       0.69999999999999996                2
   6.8579999999999997        45.899999999999999        1390.6943000000001        5.3367748032031912       0.80000000000000004                2
   6.9020000000000001        45.869000000000000        3265.0275999999999        7.1625755093645083       0.90000000000000002                2
   6.9070000000000000        45.856999999999999        3287.9146000000001        7.1782769061737675       0.80000000000000004                2
   6.9329999999999998        45.881000000000000        2447.5391000000000        6.2957175816095763       0.90000000000000002                2
   6.8879999999999999        45.878000000000000        3345.3303000000001        7.2935126913477468       0.69999999999999996                2
   6.8670000000000000        45.896999999999998        1710.4623999999999        5.6478553696834055       0.50000000000000000                2
   6.8730000000000002        45.890999999999998        2191.8366999999998        6.1167811637402876       0.59999999999999998                2
   6.8949999999999996        45.871000000000002        3451.5400000000000        7.3759999781449688       0.59999999999999998                2
   7.0330000000000004        45.750000000000000        1152.4813999999999        35.999903681226932        1.8999999999999999                2
   7.3570000000000002        46.219000000000001        617.51170000000002        35.999903681216402        1.6000000000000001                2
   7.1570000000000000        46.081000000000003        807.39670000000001        4.9185592500311852       0.90000000000000002                2
   7.0739999999999998        46.091000000000001        779.35550000000001        4.9632301104996150        1.0000000000000000                2
   6.5549999999999997        45.712000000000003        997.71529999999996        5.2825921380220970       0.80000000000000004                2
   7.1269999999999998        46.084000000000003        1014.7365000000000        5.1649625474896093        1.3000000000000000                2
   7.1760000000000002        46.094000000000001        1043.8976000000000        5.1849854957538914        1.8000000000000000                2
   7.1660000000000004        46.093000000000004        1065.2915000000000        5.2135085912886510        1.5000000000000000                2
   7.2160000000000002        46.090000000000003        1123.7230000000000        5.1908530871002840        2.2999999999999998                2
   7.2300000000000004        46.156999999999996        1176.3831000000000        5.4267721856520472        2.6000000000000001                2
   6.7320000000000002        45.680000000000000        1947.3335999999999        5.9840854470018474        1.5000000000000000                2
   7.0890000000000004        45.982999999999997        1950.9716000000001        5.8148155978835501        1.2000000000000000                2
   6.9859999999999998        45.944000000000003        2788.5185999999999        6.6757924023152420        1.3000000000000000                2
   7.4870000000000001        46.371000000000002        2811.0225000000000        6.9662795076667496        27.000000000000000                2
   7.5330000000000004        45.414000000000001        860.86609999999996        35.999903681226179        3.0000000000000000                2
   6.1139999999999999        45.210000000000001        2008.0676000000001        6.1831815950479481        1.5000000000000000                2
   7.3920000000000003        45.597999999999999        1781.4500000000000        35.999903681257635        3.2999999999999998                2
   7.4299999999999997        45.884999999999998        2231.0679000000000        35.999903681285758        3.0000000000000000                2
   6.8579999999999997        45.899999999999999        1390.6943000000001        10.114262307046133       0.50000000000000000                6
   6.9029999999999996        45.863999999999997        3246.6959999999999        12.099209047473611       0.59999999999999998                6
   6.9219999999999997        45.856999999999999        3111.1143000000002        11.924310598257085        1.0000000000000000                6
   6.9299999999999997        45.838999999999999        2970.4540999999999        11.755658650352236       0.20000000000000001                6
   6.8650000000000002        45.896000000000001        1697.8834999999999        10.435780069459808       0.80000000000000004                6
   6.8719999999999999        45.890000000000001        2195.8047000000001        10.997414643105790       0.29999999999999999                6
   6.9020000000000001        45.869000000000000        3265.0275999999999        12.122942923924331       0.59999999999999998                6
   6.8879999999999999        45.878000000000000        3345.3303000000001        12.251584486915638       0.69999999999999996                6
   7.1079999999999997        46.161999999999999        1649.1569999999999        10.743720833981078       0.10000000000000001                6
   7.1070000000000002        46.158000000000001        1406.1040000000000        10.464680870243464       0.10000000000000001                6
   7.1079999999999997        46.155999999999999        1263.8696000000000        10.302541994978018       0.10000000000000001                6
   7.1269999999999998        46.158000000000001        917.64369999999997        9.9111743442259215       0.10000000000000001                6
   6.3550000000000004        45.296999999999997        609.32809999999995        9.3971845567750840       0.40000000000000002                6
   6.5199999999999996        45.454999999999998        840.23940000000005        9.7265408341539761       0.69999999999999996                6
   6.5759999999999996        45.496000000000002        935.75360000000001        9.8082000490998968       0.29999999999999999                6
   6.5389999999999997        45.472999999999999        824.86850000000004        9.7223644634192130       0.20000000000000001                6
   6.5389999999999997        45.472999999999999        824.86850000000004        9.7223644634192130       0.20000000000000001                6
   6.4939999999999998        45.529000000000003        627.62159999999994        9.6276739661173707       0.29999999999999999                6
   6.3220000000000001        45.311999999999998        884.83040000000005        9.7499745003583822       0.40000000000000002                6
   6.3300000000000001        45.298999999999999        1394.3617999999999        10.298020487871259       0.50000000000000000                6
   6.8170000000000002        45.771000000000001        2856.1052000000000        11.732090281637163       0.59999999999999998                6
   6.8670000000000000        45.896999999999998        1710.4623999999999        10.454443211042726       0.20000000000000001                6
   6.8789999999999996        45.886000000000003        2605.9290000000001        11.435187618872284       0.20000000000000001                6
   6.8830000000000000        45.881999999999998        2917.9729000000002        11.763966301944919       0.40000000000000002                6
   6.9029999999999996        45.863999999999997        3246.6959999999999        12.099209047473611        1.1000000000000001                6
   6.9219999999999997        45.856999999999999        3111.1143000000002        11.924310598257085       0.80000000000000004                6
   6.9160000000000004        45.850999999999999        3253.2773000000002        12.094046757575367       0.69999999999999996                6
   6.9230000000000000        45.844999999999999        3175.3186000000001        11.995392782946741       0.69999999999999996                6
   6.9299999999999997        45.838999999999999        2970.4540999999999        11.755658650352236       0.59999999999999998                6
   6.8789999999999996        45.887000000000000        2557.2919999999999        11.381550906132636       0.29999999999999999                6
   6.8689999999999998        45.893000000000001        1956.2596000000001        10.727687566466981       0.40000000000000002                6
   6.8650000000000002        45.896000000000001        1697.8834999999999        10.435780069459808       0.29999999999999999                6
   6.9020000000000001        45.869000000000000        3265.0275999999999        12.122942923924331        1.0000000000000000                6
   6.8879999999999999        45.878000000000000        3345.3303000000001        12.251584486915638       0.80000000000000004                6
   6.9390000000000001        45.838999999999999        2803.6082000000001        11.561206945475620       0.59999999999999998                6
   6.2850000000000001        45.378999999999998        580.17690000000005        9.5305576601931801       0.20000000000000001                6
   6.2820000000000000        45.348999999999997        742.70809999999994        9.6650245262697982       0.20000000000000001                6
   6.2450000000000001        45.359999999999999        1608.5392999999999        10.673890605324850       0.20000000000000001                6
   6.2329999999999997        45.363000000000000        1645.1132000000000        10.736068945533376       0.10000000000000001                6
   6.1920000000000002        45.369999999999997        1894.0029000000000        11.047373304790739       0.10000000000000001                6
   6.3250000000000002        45.317999999999998        704.82370000000003        9.5453227629867943       0.20000000000000001                6
   6.3419999999999996        45.298999999999999        989.07680000000005        9.8237246073989102       0.20000000000000001                6
   6.3010000000000002        45.390999999999998        1295.5473999999999        10.328782198795034       0.29999999999999999                6
   6.3070000000000004        45.317000000000000        990.33050000000003        9.8750534539951218       0.20000000000000001                6
   6.3380000000000001        45.344999999999999        1401.2373000000000        10.346995226054107       0.20000000000000001                6
   6.2549999999999999        45.366000000000000        1275.2255000000000        10.302925452067083       0.40000000000000002                6
   6.2020000000000000        45.378000000000000        2244.0518000000002        11.447931305318017       0.10000000000000001                6
   6.3179999999999996        45.314000000000000        798.03740000000005        9.6545930160293736       0.29999999999999999                6
   6.2580000000000000        45.343000000000004        1594.1429000000001        10.629113410208543       0.20000000000000001                6
   6.3049999999999997        45.310000000000002        1460.5354000000000        10.406270895613062       0.20000000000000001                6
   6.2249999999999996        45.359000000000002        1696.2103000000000        10.782023236921555       0.20000000000000001                6
   6.2199999999999998        45.356000000000002        2337.6039999999998        11.506630384760397       0.20000000000000001                6
   6.8460000000000001        45.914999999999999        1222.6893000000000        9.9579730505707165       0.59999999999999998                6
   6.9340000000000002        45.835000000000001        2660.3467000000001        11.407521714431581       0.50000000000000000                6
   6.9100000000000001        45.856999999999999        3228.1860000000001        12.062799993124822       0.40000000000000002                6
   6.8380000000000001        45.933999999999997        2146.7727000000000        11.036981206301617       0.90000000000000002                6
   6.8879999999999999        45.878000000000000        3345.3303000000001        12.251584486915638       0.80000000000000004                6
   6.8670000000000000        45.829999999999998        4616.6791999999996        13.684261653057249       0.59999999999999998                6
   6.1170000000000000        45.207999999999998        1899.2446000000000        10.869307038608772        2.0000000000000000                6
   7.1639999999999997        46.164000000000001        656.89170000000001        9.6169894372263638       0.20000000000000001                6
   7.0739999999999998        46.091000000000001        779.35550000000001        9.6485450324653534       0.40000000000000002                6
   6.5549999999999997        45.712000000000003        997.71529999999996        10.017328582658315       0.20000000000000001                6
   7.1269999999999998        46.084000000000003        1014.7365000000000        9.8575153963618494       0.20000000000000001                6
   6.6010000000000000        45.701999999999998        1295.3135000000000        10.275280465651646       0.10000000000000001                6
   7.0940000000000003        46.088999999999999        1108.0625000000000        9.9994710560775637       0.40000000000000002                6
   6.8479999999999999        45.915999999999997        1224.4785999999999        9.9645739523961119       0.29999999999999999                6
   6.6180000000000003        45.697000000000003        1380.7094000000000        10.338955178284845       0.20000000000000001                6
   6.6260000000000003        45.694000000000003        1534.2440999999999        10.494676290223184       0.29999999999999999                6
   7.0229999999999997        46.200000000000003        457.49180000000001        9.4894071769527617       0.40000000000000002                6
   7.0300000000000002        46.155000000000001        582.33730000000003        9.5646135726685184       0.40000000000000002                6
   7.0339999999999998        46.012999999999998        2599.4962999999998        11.483741806509837       0.90000000000000002                6
   6.9859999999999998        45.944000000000003        2788.5185999999999        11.581969787737309       0.50000000000000000                6
   7.4870000000000001        46.371000000000002        2811.0225000000000        11.898001337412827       0.69999999999999996                6
   6.8739999999999997        45.887999999999998        2354.2327000000000        11.146421425885581        2.7000000000000002                6
   6.5389999999999997        45.472999999999999        824.86850000000004        9.7223644634192130        1.6000000000000001                6
   6.5389999999999997        45.472999999999999        824.86850000000004        9.7223644634192130        1.5000000000000000                6
   6.5389999999999997        45.472999999999999        824.86850000000004        9.7223644634192130        1.5000000000000000                6
   6.5389999999999997        45.472999999999999        824.86850000000004        9.7223644634192130        1.6000000000000001                6
   6.3550000000000004        45.296999999999997        609.32809999999995        9.3971845567750840        1.1000000000000001                6
   6.4960000000000004        45.521999999999998        550.89319999999998        9.5168252116817360        1.0000000000000000                6
   6.5899999999999999        45.503999999999998        1214.9240000000000        10.125032841858964        1.5000000000000000                6
   6.3300000000000001        45.298999999999999        1394.3617999999999        10.298020487871259        1.5000000000000000                6
   6.3159999999999998        45.305000000000000        1546.0192000000000        10.477519632024716        1.0000000000000000                6
   6.8719999999999999        45.890000000000001        2195.8047000000001        10.997414643105790       0.69999999999999996                6
   6.8579999999999997        45.899999999999999        1390.6943000000001        10.114262307046133       0.80000000000000004                6
   6.8879999999999999        45.878000000000000        3345.3303000000001        12.251584486915638       0.69999999999999996                6
   6.8670000000000000        45.896999999999998        1710.4623999999999        10.454443211042726       0.50000000000000000                6
   6.8730000000000002        45.890999999999998        2191.8366999999998        10.969350910595516       0.59999999999999998                6
   6.8949999999999996        45.871000000000002        3451.5400000000000        12.350511396883352       0.59999999999999998                6
   6.9029999999999996        45.863999999999997        3246.6959999999999        12.099209047473611       0.80000000000000004                6
   6.7320000000000002        45.680000000000000        1947.3335999999999        10.806063374908780        1.5000000000000000                6
   7.0300000000000002        46.155000000000001        582.33730000000003        9.5646135726685184        1.7000000000000000                6
   6.9859999999999998        45.944000000000003        2788.5185999999999        11.581969787737309        1.3000000000000000                6
   7.4870000000000001        46.371000000000002        2811.0225000000000        11.898001337412827        27.000000000000000                6
   7.0119999999999996        45.988999999999997        3255.1287000000002        12.174621271232231        1.6000000000000001                6
   6.3280989999999999        46.059218000000001        565.04645300000004        2.5309143356808814        1.0000000000000000                1
   6.3280989999999999        46.059218000000001        565.04645300000004        1.5173544904685570        1.0000000000000000                3
   6.9130909999999997        46.154693999999999        2507.5454559999998        2.5058644618335872        1.0000000000000000                3
   6.8319570000000001        45.763299000000004        2321.9090740000001        6.2453353409358865        1.0000000000000000                2
   6.8036789999999998        46.086373999999999        1561.5673979999999        2.9635272434058546        1.0000000000000000                1
   6.8036789999999998        46.086373999999999        1561.5673979999999        5.8542575670702908        1.0000000000000000                2
   6.8768609999999999        46.043683000000001        2501.0428809999999        5.4119255697749731        1.0000000000000000                4
   6.8554800000000000        45.878594999999997        2307.9123890000001        1.8961883886619832        1.0000000000000000                3
   6.3581770000000004        45.866962000000001        1093.8785450000000        1.6975135634831557        1.0000000000000000                3
   6.3683670000000001        45.882669999999997        1404.3631660000001        3.1009536492002212        1.0000000000000000                1
   6.3683670000000001        45.882669999999997        1404.3631660000001        5.9451004994728383        1.0000000000000000                2
   6.3683670000000001        45.882669999999997        1404.3631660000001        10.752541729636842        1.0000000000000000                6
   6.9920369999999998        45.778322000000003        1617.4051870000001        19.688563966189363        1.0000000000000000                1
   6.8676069999999996        45.886591000000003        2220.7510320000001        3.1794305842194648        1.0000000000000000                1
   6.8676069999999996        45.886591000000003        2220.7510320000001        6.1591657296241564        1.0000000000000000                2
   6.4286370000000002        45.504517000000000        1510.2222110000000        1.8862566565980914        1.0000000000000000                3
   6.4286370000000002        45.504517000000000        1510.2222110000000        4.7309769051639288        1.0000000000000000                4
   6.4286370000000002        45.504517000000000        1510.2222110000000        10.651778025331195        1.0000000000000000                6
   6.6100709999999996        45.650896000000003        2099.0874840000001        6.3076707517980717        1.0000000000000000                2
   6.6100709999999996        45.650896000000003        2099.0874840000001        2.0993994718438205        1.0000000000000000                3
   6.7740239999999998        45.892639000000003        1184.4203490000000        5.2587589205707488        1.0000000000000000                2
   6.3517130000000002        46.041404000000000        780.77131199999997        4.3368970962994338        1.0000000000000000                4
   6.3794420000000001        45.531405999999997        1523.6358430000000        3.1303569415152728        1.0000000000000000                1
   6.6027259999999997        45.713456000000001        1224.0408000000000        5.4443744021073268        1.0000000000000000                2
   6.6027259999999997        45.713456000000001        1224.0408000000000        1.5470857779294251        1.0000000000000000                3
   6.6027259999999997        45.713456000000001        1224.0408000000000        4.2619538057017801        1.0000000000000000                4
   6.7718939999999996        45.981402000000003        2333.5552020000000        3.5910513283653307        1.0000000000000000                1
   6.5273110000000001        46.089672000000000        528.11818500000004        2.4181307316015941        1.0000000000000000                1
   6.4557950000000002        45.558622999999997        778.76201800000001        5.1414955741184070        1.0000000000000000                2
   6.4557950000000002        45.558622999999997        778.76201800000001        1.2759079002747886        1.0000000000000000                3
   6.4168440000000002        45.631289000000002        1006.5560660000000        10.187141274872783        1.0000000000000000                6
   6.8106879999999999        45.979461000000001        2161.0744549999999        3.3385905528129620        1.0000000000000000                1
   6.8106879999999999        45.979461000000001        2161.0744549999999        6.2944312788395749        1.0000000000000000                2
   6.4319300000000004        46.028829999999999        1542.3774519999999        2.1070923337963201        1.0000000000000000                3
   6.6507540000000001        45.621018999999997        2347.6108640000002        3.5724783253125647        1.0000000000000000                1
   6.6507540000000001        45.621018999999997        2347.6108640000002        11.362852189987015        1.0000000000000000                6
