   6.8579999999999997        45.899999999999999        1390.6943000000001        1.3321470889250588       0.50000000000000000                3
   6.9029999999999996        45.863999999999997        3246.6959999999999        2.4846717102058857       0.59999999999999998                3
   6.9299999999999997        45.838999999999999        2970.4540999999999        2.3667448189757314       0.20000000000000001                3
   6.8789999999999996        45.887000000000000        2557.2919999999999        2.2063097607582418        1.0000000000000000                3
   6.9020000000000001        45.869000000000000        3265.0275999999999        2.5418532312757511       0.59999999999999998                3
   7.1079999999999997        46.155999999999999        1263.8696000000000        1.7521441842457848       0.10000000000000001                3
   7.3419999999999996        45.771999999999998        1312.8027000000000        19.643439092404030        1.2000000000000000                1
   6.8739999999999997        45.887999999999998        2354.2327000000000        3.2860049419715254        2.7999999999999998                1
   6.7519999999999998        45.609999999999999        1012.1242000000000        18.027603088383962       0.40000000000000002                1
   6.7750000000000004        45.590000000000003        1202.4213999999999        18.750686994552513        1.2000000000000000                1
   6.8789999999999996        45.887000000000000        2557.2919999999999        3.5030808625571113       0.29999999999999999                1
   6.8719999999999999        45.890000000000001        2195.8047000000001        3.1928773305211022       0.29999999999999999                1
   6.2660000000000000        45.356999999999999        1310.4172000000001        2.7806049490361540       0.10000000000000001                1
   6.3070000000000004        45.317000000000000        990.33050000000003        2.4144000615539114       0.20000000000000001                1
   6.2549999999999999        45.366000000000000        1275.2255000000000        2.7561113161714399       0.40000000000000002                1
   6.2020000000000000        45.378000000000000        2244.0518000000002        3.7373928822371347       0.10000000000000001                1
   6.2199999999999998        45.356000000000002        2337.6039999999998        3.7829996628355573       0.20000000000000001                1
   7.0850000000000000        45.725000000000001        1057.7870000000000        17.829138371718180       0.40000000000000002                1
   7.0940000000000003        46.088999999999999        1108.0625000000000        2.5852370299083147       0.40000000000000002                1
   7.2590000000000003        46.060000000000002        1260.2176999999999        18.384480416161313        2.1000000000000001                1
   6.8620000000000001        45.902000000000001        1418.4111000000000        2.5027701556265747       0.20000000000000001                1
   7.2549999999999999        46.247000000000000        1207.5636000000000        2.6887878069311104        1.0000000000000000                1
   6.5759999999999996        45.496000000000002        935.75360000000001        5.1157998009989774        1.5000000000000000                2
   6.7389999999999999        45.609999999999999        1254.4888000000001        35.999903681242372        1.7000000000000000                2
   6.9329999999999998        45.881000000000000        2447.5391000000000        6.2957175816095763       0.90000000000000002                2
   6.8670000000000000        45.896999999999998        1710.4623999999999        5.6478553696834055       0.50000000000000000                2
   6.8949999999999996        45.871000000000002        3451.5400000000000        7.3759999781449688       0.59999999999999998                2
   6.8879999999999999        45.878000000000000        3345.3303000000001        12.251584486915638       0.69999999999999996                6
   7.1070000000000002        46.158000000000001        1406.1040000000000        10.464680870243464       0.10000000000000001                6
   7.1269999999999998        46.158000000000001        917.64369999999997        9.9111743442259215       0.10000000000000001                6
   6.3380000000000001        45.344999999999999        1401.2373000000000        10.346995226054107       0.20000000000000001                6
   6.8730000000000002        45.890999999999998        2191.8366999999998        10.969350910595516       0.59999999999999998                6
   6.9029999999999996        45.863999999999997        3246.6959999999999        12.099209047473611       0.80000000000000004                6
   7.0300000000000002        46.155000000000001        582.33730000000003        9.5646135726685184        1.7000000000000000                6
   7.4870000000000001        46.371000000000002        2811.0225000000000        11.898001337412827        27.000000000000000                6
   6.3280989999999999        46.059218000000001        565.04645300000004        2.5309143356808814        1.0000000000000000                1
   6.8768609999999999        46.043683000000001        2501.0428809999999        5.4119255697749731        1.0000000000000000                4
   6.3581770000000004        45.866962000000001        1093.8785450000000        1.6975135634831557        1.0000000000000000                3
   6.9920369999999998        45.778322000000003        1617.4051870000001        19.688563966189363        1.0000000000000000                1
   6.3794420000000001        45.531405999999997        1523.6358430000000        3.1303569415152728        1.0000000000000000                1
   6.6027259999999997        45.713456000000001        1224.0408000000000        4.2619538057017801        1.0000000000000000                4
   6.7718939999999996        45.981402000000003        2333.5552020000000        3.5910513283653307        1.0000000000000000                1
